-1
-1
-1
-1
-1
-1
-1
-1
-1
-1
-1
-1
-1
-1
-1
-1
-1
-1
-1
-1
-1
-1
-1
-1
-1
-1
-1
-1
-1
-1
-1
-1
-1
-1
-1
-1
-1
-1
-1
-1
-1
-1
-1
-1
-1
-1
-1
-1
-1
-1
-1
-1
-1
-1
-1
-1
-1
-1
-1
-1
-1
-1
-1
-1
-1
-1
-1
-1
-1
-1
-1
-1
-1
-1
-1
-1
-1
-1
-1
-1
-1
-1
-1
-1
-1
-1
-1
-1
-1
-1
-1
-1
-1
-1
-1
-1
-1
-1
-1
-1
-1
-1
-1
-1
-1
-1
299
299
299
299
299
299
299
299
299
299
299
299
299
299
299
299
299
299
299
299
299
299
299
299
299
299
299
299
299
299
299
299
299
299
299
299
299
299
299
299
299
299
299
299
299
299
299
299
299
299
299
299
299
299
299
299
299
299
299
299
299
299
299
299
299
299
299
299
300
300
300
300
300
300
300
300
301
301
301
301
301
301
302
302
304
304
305
305
305
305
305
305
305
305
305
305
305
305
305
305
305
305
305
305
305
305
305
305
305
305
305
305
305
305
305
305
305
305
305
305
305
305
305
305
305
305
305
305
305
305
305
305
305
305
305
305
305
305
305
305
305
305
305
305
305
305
305
305
305
305
305
305
305
305
305
305
305
305
305
305
305
305
305
305
305
305
305
305
305
305
305
305
305
305
305
305
305
305
305
305
305
305
305
305
305
305
305
305
305
305
305
305
305
305
305
305
305
305
305
305
305
305
305
305
305
305
305
305
305
305
305
305
305
305
305
305
305
305
305
305
305
305
305
305
305
305
305
305
305
305
305
305
305
305
305
305
305
305
305
305
305
305
305
305
305
305
305
305
305
305
305
305
305
305
305
305
305
305
305
305
305
305
305
305
305
305
305
305
305
305
305
305
305
305
305
305
305
305
305
305
305
305
305
305
305
305
305
305
305
305
305
305
305
305
305
305
305
305
305
305
305
305
305
305
305
305
305
305
305
305
305
305
305
305
305
305
305
305
305
305
305
305
305
305
305
305
305
305
305
305
305
305
305
305
305
305
305
305
305
305
305
305
305
305
305
305
305
305
305
305
305
305
305
305
305
305
305
305
305
305
305
305
305
305
305
305
305
305
305
305
305
305
305
305
305
305
305
305
305
305
305
305
305
305
305
305
305
305
305
305
305
305
305
305
305
305
305
305
305
305
305
305
305
305
305
305
305
305
305
305
305
305
305
305
305
305
305
305
305
305
305
305
305
305
305
305
305
305
305
305
306
306
306
306
306
306
306
306
306
306
306
306
306
306
306
306
306
306
307
308
308
308
309
310
311
312
313
314
315
316
317
318
319
320
320
320
320
320
320
321
322
323
323
323
323
323
323
323
323
323
323
323
324
324
324
324
324
324
324
324
324
324
324
324
324
324
324
325
325
-1
-1
-1
-1
-1
-1
-1
-1
-1
-1
-1
-1
-1
326
327
328
-1
330
330
330
330
-1
330
330
330
-1
-1
-1
-1
-1
-1
-1
-1
-1
-1
-1
-1
-1
-1
-1
-1
-1
-1
-1
-1
-1
-1
-1
-1
-1
-1
-1
-1
-1
-1
-1
-1
-1
-1
-1
-1
-1
-1
-1
-1
-1
-1
-1
-1
-1
-1
-1
-1
-1
-1
-1
299
299
-1
299
299
299
299
299
299
299
299
299
299
299
299
299
299
299
299
299
299
299
299
299
299
299
299
299
299
299
299
299
299
299
299
299
299
299
299
299
299
299
299
299
300
301
301
301
301
301
301
301
301
302
302
303
304
304
304
304
304
304
304
304
304
304
304
304
304
304
304
304
304
304
304
304
304
304
304
304
304
304
304
304
304
304
304
304
304
304
304
304
304
305
305
305
305
305
305
305
305
305
305
305
305
305
305
305
305
305
305
305
305
305
305
305
305
305
305
305
305
305
305
305
305
305
305
305
305
305
305
305
305
305
305
305
305
305
305
305
305
305
305
305
305
305
305
305
305
305
305
305
305
305
305
305
305
305
305
305
305
305
305
305
305
305
305
305
305
305
305
305
305
305
305
305
305
305
305
305
305
305
305
305
305
305
305
305
305
305
305
305
305
305
305
305
305
305
305
305
305
305
305
305
305
305
305
305
305
305
305
305
305
305
305
305
305
305
305
305
305
305
305
305
305
305
305
305
305
305
305
305
305
305
305
305
305
305
305
305
305
305
305
305
305
305
305
305
305
305
305
305
305
305
305
305
305
305
305
305
305
305
305
305
305
305
306
306
306
306
306
306
306
306
306
306
306
306
307
308
309
310
311
312
312
312
312
312
312
312
312
312
312
312
312
314
315
315
316
316
316
317
317
317
318
319
319
319
319
319
319
319
319
319
319
319
319
319
319
319
319
319
319
319
319
319
320
321
322
323
324
324
324
324
324
324
325
326
326
326
326
-1
326
326
-1
326
-1
326
326
326
326
326
326
326
326
326
326
326
326
326
326
326
326
326
326
326
326
326
326
326
326
326
327
328
329
330
330
330
330
330
330
330
330
330
-1
-1
330
330
330
330
330
330
330
330
330
330
330
330
330
330
330
330
330
330
330
330
330
330
330
330
330
330
330
330
330
330
330
330
330
330
330
330
330
330
-1
-1
-1
-1
-1
-1
-1
-1
-1
-1
-1
-1
-1
-1
-1
-1
-1
-1
-1
-1
-1
-1
-1
-1
-1
-1
-1
-1
-1
-1
-1
-1
-1
-1
-1
-1
-1
-1
-1
-1
-1
-1
-1
-1
-1
-1
-1
-1
-1
-1
-1
-1
-1
-1
-1
-1
-1
-1
-1
-1
-1
-1
-1
-1
-1
-1
-1
330
330
330
330
330
330
330
330
330
330
330
-1
330
330
330
330
330
330
330
330
330
330
330
330
-1
-1
-1
-1
-1
-1
-1
-1
-1
-1
-1
-1
-1
-1
-1
-1
-1
-1
-1
-1
-1
-1
-1
-1
-1
-1
-1
-1
-1
-1
-1
-1
-1
-1
-1
-1
-1
-1
-1
-1
-1
-1
-1
-1
-1
-1
-1
-1
-1
-1
-1
-1
-1
-1
-1
-1
-1
-1
-1
330
330
-1
-1
-1
-1
330
330
330
330
330
330
330
330
330
330
330
330
330
330
330
330
330
330
330
330
331
331
-1
331
331
331
331
331
331
331
331
331
331
331
331
-1
-1
-1
331
331
331
331
331
331
331
331
331
331
331
331
331
331
331
331
331
331
331
331
331
331
331
331
331
331
331
331
331
331
331
331
331
331
331
331
331
331
-1
331
331
-1
-1
-1
331
331
331
331
-1
331
331
331
331
331
331
331
331
331
331
331
331
331
331
331
-1
331
331
331
331
331
331
331
331
331
-1
331
331
331
331
331
331
331
331
331
331
331
331
331
331
331
331
331
-1
-1
-1
-1
331
-1
331
-1
332
332
332
332
332
332
332
332
332
332
332
332
332
332
332
332
332
332
332
332
-1
-1
-1
-1
-1
-1
-1
332
-1
332
332
-1
-1
332
333
333
333
333
333
333
333
333
333
333
333
333
333
333
333
333
333
333
333
333
334
334
334
334
334
334
334
334
334
334
334
334
334
334
334
334
334
334
334
335
336
337
338
338
338
338
338
338
339
339
339
339
339
339
339
339
340
341
342
342
342
342
342
342
342
342
342
342
342
342
342
342
342
342
342
342
342
342
342
342
342
342
342
342
-1
-1
344
344
-1
344
344
344
344
344
344
344
344
7644
-1
344
344
-1
-1
-1
-1
-1
344
344
344
344
344
-1
-1
-1
344
-1
-1
-1
-1
-1
-1
-1
-1
346
-1
346
-1
346
346
346
346
346
-1
-1
-1
-1
-1
-1
-1
346
-1
-1
-1
349
-1
-1
-1
-1
-1
-1
-1
-1
-1
-1
-1
-1
-1
-1
-1
-1
-1
-1
-1
-1
-1
-1
-1
-1
-1
-1
351
351
-1
-1
351
-1
-1
-1
-1
-1
353
353
353
353
353
353
353
353
353
353
354
354
354
-1
354
355
355
355
355
-1
355
355
355
355
355
355
355
355
355
355
355
355
355
355
355
355
355
355
355
355
355
355
355
355
355
355
355
355
355
355
355
355
356
357
357
357
357
358
358
358
359
360
360
360
360
360
360
360
360
360
360
360
360
360
360
360
360
360
360
360
360
360
360
360
360
360
360
360
360
360
360
361
361
361
361
361
361
361
361
361
361
361
361
361
361
361
361
361
361
361
361
361
361
361
361
361
361
-1
-1
-1
-1
-1
-1
-1
-1
-1
-1
-1
-1
-1
-1
-1
-1
-1
-1
-1
-1
-1
-1
-1
-1
-1
-1
-1
-1
-1
-1
-1
-1
-1
-1
-1
-1
-1
-1
-1
-1
-1
-1
-1
-1
-1
-1
-1
-1
-1
-1
-1
-1
-1
-1
-1
-1
-1
-1
-1
361
361
361
361
361
361
361
361
361
361
361
361
361
361
361
361
361
361
361
361
361
361
361
361
362
362
362
362
362
362
362
362
362
362
362
362
362
362
362
362
362
362
362
362
362
362
362
362
362
362
362
362
362
362
362
362
362
362
362
362
362
362
362
362
362
362
362
362
362
362
362
362
363
363
363
363
363
363
363
363
363
363
363
363
363
363
363
363
363
363
363
363
363
363
363
363
363
363
363
363
363
363
364
365
365
365
365
365
365
365
365
365
365
365
365
365
365
365
365
365
365
365
365
365
366
367
367
367
367
367
367
368
369
370
371
371
371
371
-1
-1
-1
371
371
371
371
371
371
371
371
371
371
371
371
371
371
371
371
371
371
371
371
371
371
371
371
371
371
371
371
371
371
371
371
371
371
371
371
371
371
372
372
373
373
373
373
373
374
375
375
375
375
375
376
376
376
376
376
376
376
376
376
376
376
376
376
376
376
376
376
376
376
376
376
376
376
376
376
376
376
376
376
376
376
376
376
376
376
376
376
376
376
376
376
376
376
376
376
376
376
377
377
377
378
379
379
379
379
379
379
379
379
379
379
379
379
379
379
379
379
379
379
379
379
379
379
379
379
379
379
379
380
380
380
380
380
380
380
380
380
380
380
380
381
382
382
382
382
382
382
383
383
383
383
383
383
383
383
383
383
383
383
383
383
383
383
383
384
384
384
384
384
384
384
384
384
384
384
384
384
384
384
384
384
384
384
384
384
384
384
384
384
384
385
386
386
386
386
386
386
387
387
387
387
387
387
387
387
387
387
387
387
387
387
387
387
387
387
387
387
387
387
387
387
387
387
387
387
387
387
387
387
387
387
387
387
387
387
387
387
387
387
387
387
387
387
387
387
387
387
387
387
388
388
388
388
388
388
388
388
389
389
389
389
389
389
389
389
389
389
389
389
389
389
389
389
389
389
389
389
389
389
389
389
389
389
389
389
389
389
389
389
389
389
389
389
389
389
389
389
389
389
389
389
389
389
389
389
389
389
389
389
389
389
389
389
389
389
389
389
389
390
390
390
390
390
390
390
390
390
390
390
390
390
390
390
390
390
390
390
390
390
390
390
390
390
390
390
390
390
390
390
390
390
390
390
390
390
390
390
390
390
390
390
390
391
391
392
393
393
393
393
393
393
393
393
393
393
393
393
393
393
393
393
393
393
393
393
393
393
393
393
393
393
393
393
393
393
393
393
393
393
393
393
393
393
393
393
393
393
393
393
393
393
393
393
393
393
393
393
393
393
393
393
393
393
393
393
393
393
393
393
393
393
393
393
394
394
394
394
394
394
394
395
396
397
397
397
397
397
397
397
397
397
397
398
399
400
401
401
401
401
401
401
401
401
401
401
401
401
401
401
401
401
401
401
401
401
402
402
402
402
402
402
402
402
402
402
402
402
402
402
402
402
402
402
403
403
403
403
403
403
403
403
404
404
404
404
404
404
404
404
404
405
406
406
406
406
406
406
406
406
406
406
406
406
406
406
406
406
406
406
406
406
406
406
406
406
406
406
406
406
406
406
406
406
406
406
407
408
409
410
410
410
410
410
410
410
410
410
410
410
410
410
410
410
410
410
410
410
410
410
410
410
410
410
410
410
410
410
410
411
412
412
412
412
412
412
412
412
412
412
412
412
412
412
412
412
412
412
412
412
412
412
412
412
412
412
412
412
412
412
412
412
412
412
412
412
412
412
412
412
412
412
412
412
412
412
412
412
412
412
412
412
412
412
412
412
412
412
412
412
412
413
413
413
413
413
413
413
413
414
415
415
415
415
415
415
415
415
415
415
415
415
415
415
415
415
415
415
415
415
415
415
415
415
415
415
415
415
415
415
415
415
415
415
415
415
415
415
415
415
415
415
415
416
-1
416
416
416
416
416
416
416
-1
-1
-1
416
416
416
416
416
416
416
416
416
416
416
416
416
-1
-1
-1
-1
-1
416
416
416
417
417
417
417
417
417
417
418
418
418
418
418
418
-1
-1
420
420
-1
420
-1
-1
-1
-1
421
-1
423
424
424
-1
424
-1
424
-1
-1
-1
424
424
424
424
424
424
-1
-1
-1
424
424
-1
424
-1
424
-1
424
424
-1
424
424
424
424
424
424
424
424
424
-1
424
-1
424
-1
-1
-1
424
-1
-1
-1
-1
424
-1
424
424
424
424
424
424
424
424
424
424
424
424
424
424
424
424
424
424
424
424
424
424
424
424
-1
424
424
424
424
424
424
424
424
424
424
424
424
424
-1
-1
424
424
-1
424
424
424
424
424
424
424
-1
-1
424
424
424
424
424
424
424
-1
-1
-1
-1
-1
424
424
424
424
424
424
424
-1
-1
-1
-1
424
424
424
424
424
-1
-1
-1
-1
-1
-1
425
425
425
425
425
425
425
425
425
425
425
425
-1
-1
-1
-1
426
-1
426
426
-1
426
-1
426
426
426
-1
426
426
426
426
426
427
427
427
427
427
-1
-1
-1
-1
-1
-1
-1
-1
-1
-1
-1
-1
-1
-1
430
431
431
431
431
431
431
431
431
431
431
431
431
431
-1
433
433
433
433
433
433
433
433
433
433
433
-1
-1
-1
-1
-1
-1
-1
-1
434
435
436
417
438
-1
438
438
438
438
438
-1
-1
-1
438
438
438
438
438
438
-1
-1
-1
-1
-1
-1
-1
-1
-1
-1
-1
-1
-1
438
438
438
439
-1
440
440
440
440
440
440
440
440
440
440
-1
-1
-1
-1
-1
-1
-1
441
-1
-1
444
444
444
444
444
444
444
444
444
444
444
444
444
444
444
444
444
444
444
444
444
444
444
444
444
444
444
444
444
444
445
445
445
445
445
-1
445
445
446
446
446
446
446
-1
446
446
446
-1
-1
-1
446
446
446
446
-1
446
-1
-1
446
-1
-1
-1
446
446
446
446
446
446
-1
-1
-1
-1
-1
-1
-1
-1
-1
-1
-1
-1
-1
-1
-1
-1
-1
-1
-1
-1
-1
-1
-1
-1
-1
-1
-1
-1
-1
-1
-1
-1
-1
-1
-1
-1
-1
-1
-1
-1
-1
-1
-1
-1
-1
-1
-1
-1
-1
-1
446
446
446
446
446
446
446
446
446
446
446
446
446
446
446
446
446
446
446
446
446
446
446
447
447
447
447
447
447
447
447
447
447
447
447
447
447
447
448
-1
449
449
449
449
449
449
449
449
450
450
450
450
450
450
450
450
450
450
450
450
450
450
450
450
450
450
450
450
450
450
450
450
450
450
450
450
450
450
450
450
450
450
450
450
450
451
451
451
451
451
451
451
451
451
451
451
451
451
451
451
451
451
451
451
451
451
451
451
451
451
451
451
451
451
451
451
451
451
451
451
451
451
451
451
451
451
451
451
451
451
451
451
451
-1
451
451
451
451
451
451
451
451
451
451
451
451
451
451
451
451
451
451
451
451
451
451
451
451
451
451
451
451
451
452
453
454
454
455
455
455
455
455
455
-1
-1
455
455
455
456
456
456
456
456
456
456
456
456
456
456
456
456
456
456
456
456
456
456
456
456
456
456
456
456
456
456
456
456
456
456
456
456
456
457
457
457
457
457
457
457
457
458
459
459
459
459
459
459
-1
459
459
459
459
459
459
459
459
459
459
459
459
459
460
461
462
463
464
465
466
467
-1
-1
-1
-1
-1
-1
-1
467
-1
-1
-1
-1
-1
-1
-1
469
469
469
-1
-1
-1
-1
-1
-1
-1
-1
-1
-1
-1
-1
-1
-1
-1
-1
-1
-1
-1
-1
-1
-1
-1
469
-1
-1
-1
-1
-1
-1
-1
-1
-1
-1
-1
-1
471
-1
-1
-1
-1
-1
-1
-1
-1
-1
-1
-1
-1
-1
-1
-1
-1
-1
-1
-1
-1
-1
-1
-1
-1
-1
-1
-1
-1
-1
-1
-1
-1
473
473
473
473
473
-1
473
-1
473
473
473
-1
-1
-1
-1
-1
473
-1
473
473
-1
473
473
473
473
473
473
473
473
473
-1
-1
-1
-1
-1
-1
-1
-1
-1
-1
-1
-1
-1
-1
-1
-1
-1
-1
-1
-1
-1
-1
-1
-1
-1
-1
-1
-1
-1
-1
-1
-1
-1
-1
-1
-1
-1
-1
-1
-1
-1
-1
-1
-1
-1
-1
-1
473
473
473
-1
-1
-1
473
-1
473
-1
473
473
473
473
-1
-1
-1
473
473
473
473
-1
-1
473
-1
-1
474
474
474
474
-1
474
474
474
-1
474
-1
-1
-1
-1
-1
475
475
475
475
475
475
475
475
475
475
475
475
475
475
475
475
475
475
475
475
475
475
475
475
475
475
475
475
475
475
475
475
476
476
476
476
477
477
477
477
477
478
479
479
479
479
479
479
479
479
479
479
479
479
479
479
479
479
479
479
479
479
479
479
479
479
479
479
479
479
479
479
479
479
479
479
479
479
479
479
479
479
480
481
481
481
481
481
481
481
482
482
482
482
482
482
482
482
482
482
482
482
482
482
482
482
482
482
482
482
482
482
482
483
483
483
483
483
483
483
484
484
484
484
484
484
485
-1
-1
-1
-1
-1
-1
-1
-1
-1
-1
-1
-1
-1
-1
-1
-1
-1
-1
-1
-1
486
486
486
486
487
488
488
488
488
488
488
488
488
488
488
489
489
489
489
489
489
489
489
489
489
489
489
489
489
489
489
489
489
489
489
489
489
489
489
489
489
489
489
489
489
489
489
489
489
489
489
489
487
487
489
489
489
489
489
489
489
489
489
489
489
489
489
489
489
489
489
489
489
489
489
489
489
489
489
489
489
489
489
489
489
489
489
489
490
491
492
493
494
494
494
494
494
494
494
494
494
494
494
494
494
494
494
494
494
494
494
494
494
494
494
494
494
494
495
495
495
495
495
496
496
496
496
496
497
497
497
497
497
497
497
497
497
497
497
497
497
497
497
497
497
497
497
497
497
497
497
497
497
497
497
497
497
497
497
497
497
497
497
497
497
497
497
497
497
497
497
497
497
497
497
497
497
497
497
497
497
497
497
497
497
497
497
497
497
497
497
497
497
-1
-1
-1
-1
-1
-1
-1
-1
-1
-1
-1
-1
-1
-1
-1
-1
-1
-1
-1
-1
-1
-1
-1
-1
-1
-1
-1
-1
-1
-1
-1
-1
-1
-1
-1
-1
-1
-1
-1
-1
-1
-1
-1
-1
-1
-1
-1
-1
-1
-1
-1
-1
-1
-1
-1
-1
-1
-1
-1
-1
497
497
497
497
497
497
497
497
497
497
497
497
497
497
497
497
497
497
497
497
497
497
497
497
497
497
497
497
497
497
497
497
497
497
497
497
497
497
497
497
497
497
497
497
497
497
497
497
497
497
497
497
497
497
497
497
497
497
497
497
497
497
497
497
497
498
498
498
498
498
498
498
498
498
499
499
499
499
499
499
499
499
499
499
499
499
499
499
499
500
500
500
500
500
500
500
500
500
500
500
500
500
500
500
500
500
500
500
500
500
500
500
500
500
500
500
500
500
500
500
500
500
500
500
500
500
500
500
500
500
501
501
501
501
501
501
501
502
502
503
503
504
504
504
505
505
505
505
505
505
505
505
506
506
506
506
506
506
506
506
506
506
506
506
506
506
506
506
506
506
506
506
506
506
506
506
506
506
506
506
506
507
507
508
508
508
-1
508
508
508
508
508
508
508
508
508
508
508
-1
-1
-1
508
508
508
508
508
508
508
508
508
508
508
508
508
508
508
508
508
508
508
508
508
508
508
509
509
510
511
511
511
511
511
511
511
511
511
511
511
511
511
511
511
-1
511
511
511
511
511
511
511
511
511
511
-1
-1
512
512
512
512
512
-1
-1
-1
-1
-1
-1
-1
-1
-1
-1
-1
-1
513
514
514
514
514
514
514
514
514
514
514
514
514
514
514
514
514
514
-1
514
514
514
514
514
514
514
514
-1
-1
515
515
516
517
518
518
518
518
518
518
518
518
518
518
518
518
518
518
518
519
520
521
521
521
521
521
521
521
521
521
521
521
521
521
521
521
521
521
521
521
521
521
521
521
521
521
521
-1
-1
-1
-1
-1
-1
-1
-1
-1
-1
-1
-1
-1
-1
-1
-1
-1
-1
-1
-1
-1
-1
-1
-1
-1
-1
-1
-1
-1
-1
-1
-1
-1
-1
-1
-1
-1
-1
-1
-1
-1
-1
-1
-1
-1
-1
-1
518
518
518
518
518
518
518
518
518
518
518
518
518
518
518
518
518
518
518
518
518
518
518
519
520
521
521
522
523
523
523
523
523
-1
-1
-1
-1
-1
-1
-1
-1
-1
-1
-1
-1
-1
-1
-1
-1
-1
-1
-1
-1
-1
-1
-1
-1
-1
-1
-1
-1
-1
-1
-1
-1
-1
-1
-1
-1
-1
-1
-1
-1
-1
-1
-1
-1
518
518
518
519
520
521
522
522
522
522
522
-1
-1
-1
-1
-1
-1
-1
-1
-1
-1
-1
-1
-1
-1
-1
-1
-1
-1
-1
-1
-1
-1
-1
-1
-1
-1
-1
-1
-1
-1
-1
-1
-1
-1
-1
-1
-1
-1
-1
-1
-1
-1
-1
-1
518
518
518
518
518
518
518
518
518
518
518
518
518
518
518
518
518
518
518
518
518
518
518
518
518
518
518
518
518
518
518
518
518
518
518
518
518
518
518
518
518
518
518
518
518
518
518
518
518
518
518
518
518
518
518
518
518
518
518
518
518
518
518
518
518
518
518
518
518
518
518
518
518
518
518
518
518
518
518
518
519
520
521
521
521
521
521
-1
-1
-1
-1
-1
-1
-1
-1
-1
-1
-1
-1
-1
-1
-1
-1
-1
-1
-1
-1
-1
-1
-1
-1
-1
-1
-1
-1
-1
-1
-1
-1
-1
-1
-1
-1
-1
-1
-1
-1
-1
-1
-1
518
518
518
518
518
518
518
518
518
518
518
518
518
518
518
518
518
518
518
519
520
521
521
521
521
521
521
521
521
521
521
521
521
521
521
521
521
521
521
521
-1
-1
-1
-1
-1
-1
-1
-1
-1
-1
-1
-1
-1
-1
-1
-1
-1
-1
-1
-1
-1
-1
-1
-1
-1
-1
-1
-1
-1
-1
-1
-1
-1
-1
-1
-1
-1
-1
-1
-1
-1
-1
518
518
518
519
520
521
521
521
521
521
521
-1
-1
-1
-1
-1
-1
-1
-1
-1
-1
-1
-1
-1
-1
-1
-1
-1
-1
-1
-1
-1
-1
-1
-1
-1
-1
-1
-1
-1
-1
-1
-1
-1
-1
-1
-1
-1
-1
-1
-1
-1
-1
-1
-1
-1
-1
-1
518
518
518
518
518
518
519
520
521
521
521
521
521
-1
-1
-1
-1
-1
-1
-1
-1
-1
-1
-1
-1
-1
-1
-1
-1
-1
-1
-1
-1
-1
-1
-1
-1
-1
-1
-1
-1
-1
-1
-1
-1
-1
-1
-1
-1
-1
-1
-1
-1
-1
-1
-1
-1
-1
-1
-1
-1
518
518
518
518
518
518
518
518
518
518
518
518
518
518
518
518
518
518
518
518
518
518
518
518
518
518
518
518
518
518
518
518
518
518
518
519
520
521
521
521
521
521
521
521
521
521
521
521
521
521
521
521
-1
-1
-1
-1
-1
-1
-1
-1
-1
-1
-1
-1
-1
-1
-1
-1
-1
-1
-1
-1
-1
-1
-1
-1
-1
-1
-1
-1
-1
-1
-1
-1
-1
-1
-1
-1
-1
-1
-1
-1
-1
-1
-1
-1
-1
518
518
519
520
521
521
521
521
521
-1
-1
-1
-1
-1
-1
-1
-1
-1
-1
-1
-1
-1
-1
-1
-1
-1
-1
-1
-1
-1
-1
-1
-1
-1
-1
-1
-1
-1
-1
-1
-1
-1
-1
-1
-1
-1
-1
-1
-1
-1
-1
-1
-1
-1
-1
518
518
518
518
519
520
521
521
521
521
521
521
521
521
-1
-1
-1
-1
-1
-1
-1
-1
-1
-1
-1
-1
-1
-1
-1
-1
-1
-1
-1
-1
-1
-1
-1
-1
-1
-1
-1
-1
-1
-1
-1
-1
-1
-1
-1
-1
-1
-1
-1
-1
-1
-1
-1
-1
518
518
519
520
521
521
521
521
521
-1
-1
-1
-1
-1
-1
-1
-1
-1
-1
-1
-1
-1
-1
-1
-1
-1
-1
-1
-1
-1
-1
-1
-1
-1
-1
-1
-1
-1
-1
-1
-1
-1
-1
-1
-1
-1
-1
-1
-1
-1
-1
-1
518
518
519
520
521
521
521
521
521
-1
-1
-1
-1
-1
-1
-1
-1
-1
-1
-1
-1
-1
-1
-1
-1
-1
-1
-1
-1
-1
-1
-1
-1
-1
-1
-1
-1
-1
-1
-1
-1
-1
-1
-1
-1
-1
-1
-1
-1
-1
-1
-1
-1
-1
518
519
520
521
521
521
521
521
-1
-1
-1
-1
-1
-1
-1
-1
-1
-1
-1
-1
-1
-1
-1
-1
-1
-1
-1
-1
-1
-1
-1
-1
-1
-1
-1
-1
-1
-1
-1
-1
-1
-1
-1
-1
-1
-1
-1
-1
-1
-1
-1
518
518
519
520
521
521
521
521
521
521
-1
-1
-1
-1
-1
-1
-1
-1
-1
-1
-1
-1
-1
-1
-1
-1
-1
-1
-1
-1
-1
-1
-1
-1
-1
-1
-1
-1
-1
-1
-1
-1
-1
-1
-1
-1
-1
-1
-1
-1
-1
-1
-1
-1
-1
518
518
518
518
518
518
518
518
518
518
518
518
518
518
518
518
518
519
520
521
521
521
521
521
521
521
521
521
521
521
521
521
521
521
521
-1
-1
-1
-1
-1
-1
-1
-1
-1
-1
-1
-1
-1
-1
-1
-1
-1
-1
-1
-1
-1
-1
-1
-1
-1
-1
-1
-1
-1
-1
-1
-1
-1
-1
-1
-1
-1
-1
-1
-1
-1
-1
-1
-1
-1
-1
-1
-1
-1
518
519
520
521
521
521
521
521
521
-1
-1
-1
-1
-1
-1
-1
-1
-1
-1
-1
-1
-1
-1
-1
-1
-1
-1
-1
-1
-1
-1
-1
-1
-1
-1
-1
-1
-1
-1
-1
-1
-1
-1
-1
-1
-1
-1
-1
-1
-1
-1
-1
-1
-1
-1
518
518
518
518
518
519
520
521
521
521
521
521
521
521
521
521
521
521
521
521
521
521
521
521
521
521
521
521
521
521
521
521
521
521
521
521
521
521
521
521
521
521
521
521
521
521
521
521
521
521
521
521
521
521
521
521
521
521
521
521
521
521
521
521
521
521
521
521
521
521
-1
-1
-1
-1
-1
-1
-1
-1
-1
-1
-1
-1
-1
-1
-1
-1
-1
-1
-1
-1
-1
-1
-1
-1
-1
-1
-1
-1
-1
-1
-1
-1
-1
-1
-1
-1
-1
-1
-1
-1
-1
-1
518
518
519
520
521
521
521
521
521
521
-1
-1
-1
-1
-1
-1
-1
-1
-1
-1
-1
-1
-1
-1
-1
-1
-1
-1
-1
-1
-1
-1
-1
-1
-1
-1
-1
-1
-1
-1
-1
-1
-1
-1
-1
-1
-1
-1
-1
-1
-1
-1
-1
-1
-1
-1
-1
-1
-1
-1
-1
518
518
518
518
518
518
519
520
521
521
521
521
521
-1
-1
-1
-1
-1
-1
-1
-1
-1
-1
-1
-1
-1
-1
-1
-1
-1
-1
-1
-1
-1
-1
-1
-1
-1
-1
-1
-1
-1
-1
-1
-1
-1
-1
-1
-1
-1
-1
-1
-1
-1
-1
-1
-1
-1
518
518
518
518
518
519
520
521
521
521
521
521
521
521
-1
-1
-1
-1
-1
-1
-1
-1
-1
-1
-1
-1
-1
-1
-1
-1
-1
-1
-1
-1
-1
-1
-1
-1
-1
-1
-1
-1
-1
-1
-1
-1
-1
-1
-1
-1
-1
-1
-1
-1
-1
-1
-1
518
518
518
518
518
518
518
518
518
519
520
520
521
521
521
521
521
521
521
521
521
-1
-1
-1
-1
-1
-1
-1
-1
-1
-1
-1
-1
-1
-1
-1
-1
-1
-1
-1
-1
-1
-1
-1
-1
-1
-1
-1
-1
-1
-1
-1
-1
-1
-1
-1
-1
-1
-1
-1
-1
-1
-1
-1
-1
-1
518
519
520
521
521
521
521
521
521
521
521
521
521
-1
-1
-1
-1
-1
-1
-1
-1
-1
-1
-1
-1
-1
-1
-1
-1
-1
-1
-1
-1
-1
-1
-1
-1
-1
-1
-1
-1
-1
-1
-1
-1
-1
-1
-1
-1
-1
-1
-1
-1
-1
-1
-1
518
518
519
520
521
521
521
521
521
521
521
521
521
-1
-1
-1
-1
-1
-1
-1
-1
-1
-1
-1
-1
-1
-1
-1
-1
-1
-1
-1
-1
-1
-1
-1
-1
-1
-1
-1
-1
-1
-1
-1
-1
-1
-1
-1
-1
-1
-1
-1
-1
-1
-1
-1
518
519
520
521
521
521
521
521
521
521
521
-1
-1
-1
-1
-1
-1
-1
-1
-1
-1
-1
-1
-1
-1
-1
-1
-1
-1
-1
-1
-1
-1
-1
-1
-1
-1
-1
-1
-1
-1
-1
-1
-1
-1
-1
-1
-1
-1
-1
-1
-1
-1
-1
-1
-1
-1
-1
518
518
518
518
518
518
518
518
518
518
518
518
519
519
519
519
519
519
519
520
521
521
521
521
521
521
-1
-1
-1
-1
-1
-1
-1
-1
-1
-1
-1
-1
-1
-1
-1
-1
-1
-1
-1
-1
-1
-1
-1
-1
-1
-1
-1
-1
-1
-1
-1
-1
-1
-1
-1
-1
-1
-1
-1
-1
-1
-1
-1
-1
-1
-1
-1
-1
-1
-1
518
518
519
520
521
521
521
521
-1
-1
-1
-1
-1
-1
-1
-1
-1
-1
-1
-1
-1
-1
-1
-1
-1
-1
-1
-1
-1
-1
-1
-1
-1
-1
-1
-1
-1
-1
-1
-1
-1
-1
-1
-1
-1
-1
-1
-1
-1
-1
-1
-1
-1
-1
518
519
520
521
521
521
521
521
521
521
521
-1
-1
-1
-1
-1
-1
-1
-1
-1
-1
-1
-1
-1
-1
-1
-1
-1
-1
-1
-1
-1
-1
-1
-1
-1
-1
-1
-1
-1
-1
-1
-1
-1
-1
-1
-1
-1
-1
-1
-1
-1
-1
-1
-1
518
518
518
518
518
518
518
518
518
518
518
519
520
521
521
521
521
521
521
521
-1
-1
-1
-1
-1
-1
-1
-1
-1
-1
-1
-1
-1
-1
-1
-1
-1
-1
-1
-1
-1
-1
-1
-1
-1
-1
-1
-1
-1
-1
-1
-1
-1
-1
-1
-1
-1
-1
-1
-1
-1
-1
-1
-1
-1
-1
-1
-1
-1
518
518
518
518
518
520
520
521
521
521
521
521
-1
-1
-1
-1
-1
-1
-1
-1
-1
-1
-1
-1
-1
-1
-1
-1
-1
-1
-1
-1
-1
-1
-1
-1
-1
-1
-1
-1
-1
-1
-1
-1
-1
-1
-1
-1
-1
-1
-1
-1
-1
-1
-1
-1
-1
-1
518
518
518
518
518
518
518
518
518
518
518
518
518
518
518
518
518
519
520
521
521
521
521
-1
-1
-1
-1
-1
-1
-1
-1
-1
-1
-1
-1
-1
-1
-1
-1
-1
-1
-1
-1
-1
-1
-1
-1
-1
-1
-1
-1
-1
-1
-1
-1
-1
-1
-1
-1
-1
-1
-1
-1
-1
-1
-1
-1
518
518
519
520
521
521
521
521
521
521
-1
-1
-1
-1
-1
-1
-1
-1
-1
-1
-1
-1
-1
-1
-1
-1
-1
-1
-1
-1
-1
-1
-1
-1
-1
-1
-1
-1
-1
-1
-1
-1
-1
-1
-1
-1
-1
-1
-1
-1
-1
-1
-1
-1
-1
-1
-1
518
518
518
518
518
518
519
520
521
521
521
521
521
521
521
-1
-1
-1
-1
-1
-1
-1
-1
-1
-1
-1
-1
-1
-1
-1
-1
-1
-1
-1
-1
-1
-1
-1
-1
-1
-1
-1
-1
-1
-1
-1
-1
-1
-1
-1
-1
-1
-1
-1
-1
-1
-1
-1
-1
-1
518
518
519
520
521
521
521
521
-1
-1
-1
-1
-1
-1
-1
-1
-1
-1
-1
-1
-1
-1
-1
-1
-1
-1
-1
-1
-1
-1
-1
-1
-1
-1
-1
-1
-1
-1
-1
-1
-1
-1
-1
-1
-1
-1
-1
-1
-1
-1
-1
-1
-1
518
518
518
519
520
520
521
521
521
-1
521
521
-1
-1
-1
-1
-1
-1
-1
-1
-1
-1
-1
-1
-1
-1
-1
-1
-1
-1
-1
-1
-1
-1
-1
-1
-1
-1
-1
-1
-1
-1
-1
-1
-1
-1
-1
-1
-1
-1
-1
-1
-1
-1
-1
-1
-1
518
519
520
521
521
521
521
521
521
-1
-1
-1
-1
-1
-1
-1
-1
-1
-1
-1
-1
-1
-1
-1
-1
-1
-1
-1
-1
-1
-1
-1
-1
-1
-1
-1
-1
-1
-1
-1
-1
-1
-1
-1
-1
-1
-1
-1
-1
-1
-1
-1
-1
-1
518
519
520
521
521
521
521
521
521
521
-1
-1
-1
-1
-1
-1
-1
-1
-1
-1
-1
-1
-1
-1
-1
-1
-1
-1
-1
-1
-1
-1
-1
-1
-1
-1
-1
-1
-1
-1
-1
-1
-1
-1
-1
-1
-1
-1
-1
-1
-1
-1
-1
-1
-1
-1
-1
-1
-1
-1
-1
518
518
518
519
520
521
521
521
521
-1
-1
-1
-1
-1
-1
-1
-1
-1
-1
-1
-1
-1
-1
-1
-1
-1
-1
-1
-1
-1
-1
-1
-1
-1
-1
-1
-1
-1
-1
-1
-1
-1
-1
-1
-1
-1
-1
-1
-1
-1
-1
-1
-1
-1
-1
-1
-1
-1
-1
-1
-1
-1
-1
-1
-1
-1
-1
-1
-1
-1
-1
-1
-1
-1
-1
-1
-1
-1
-1
-1
-1
-1
-1
-1
-1
-1
-1
-1
-1
-1
-1
-1
-1
-1
-1
-1
-1
-1
-1
-1
-1
-1
-1
-1
-1
-1
-1
-1
518
518
518
518
518
518
518
518
518
518
518
518
518
518
518
518
519
520
521
521
521
521
521
-1
-1
-1
-1
-1
-1
-1
-1
-1
-1
-1
-1
-1
-1
-1
-1
-1
-1
-1
-1
-1
-1
-1
-1
-1
-1
-1
-1
-1
-1
-1
-1
-1
-1
-1
-1
-1
-1
-1
-1
-1
-1
-1
-1
-1
-1
-1
-1
-1
-1
-1
-1
518
518
518
518
518
519
520
521
521
521
521
521
-1
-1
-1
-1
-1
-1
-1
-1
-1
-1
-1
-1
-1
-1
-1
-1
-1
-1
-1
-1
-1
-1
-1
-1
-1
-1
-1
-1
-1
-1
-1
-1
-1
-1
-1
-1
-1
-1
-1
-1
-1
-1
-1
518
518
520
520
521
521
521
521
521
521
521
521
521
521
-1
-1
-1
-1
-1
-1
-1
-1
-1
-1
-1
-1
-1
-1
-1
-1
-1
-1
-1
-1
-1
-1
-1
-1
-1
-1
-1
-1
-1
-1
-1
-1
-1
-1
-1
-1
-1
-1
-1
-1
-1
-1
-1
-1
-1
-1
-1
-1
-1
518
519
520
521
521
521
521
521
521
-1
-1
-1
-1
-1
-1
-1
-1
-1
-1
-1
-1
-1
-1
-1
-1
-1
-1
-1
-1
-1
-1
-1
-1
-1
-1
-1
-1
-1
-1
-1
-1
-1
-1
-1
-1
-1
-1
-1
-1
-1
-1
-1
518
519
520
521
521
521
521
521
521
521
-1
-1
-1
-1
-1
-1
-1
-1
-1
-1
-1
-1
-1
-1
-1
-1
-1
-1
-1
-1
-1
-1
-1
-1
-1
-1
-1
-1
-1
-1
-1
-1
-1
-1
-1
-1
-1
-1
-1
-1
-1
-1
-1
-1
-1
-1
-1
-1
-1
-1
518
518
518
518
518
518
518
519
519
520
521
521
521
521
521
521
521
521
521
521
521
521
521
521
521
521
521
521
521
521
521
521
521
521
521
521
521
521
521
521
521
521
521
521
521
521
521
521
521
521
521
521
521
521
521
521
521
521
521
521
521
521
521
521
521
521
521
521
521
521
521
521
521
521
521
521
521
521
521
521
521
521
521
521
521
521
521
521
521
521
521
521
521
521
521
521
521
521
521
521
521
521
521
521
521
521
521
521
521
521
521
521
521
521
521
521
521
521
521
521
521
521
521
521
521
521
521
521
521
521
521
521
521
521
521
521
521
521
521
521
521
521
521
521
521
521
521
521
521
521
521
522
523
524
524
524
525
525
525
525
525
525
525
525
525
525
525
525
525
525
525
526
527
528
529
530
531
531
531
531
531
531
532
-1
-1
532
532
532
532
532
532
532
-1
-1
-1
-1
-1
-1
532
532
533
533
533
533
533
533
533
533
534
534
534
534
534
535
536
536
536
536
536
536
536
536
536
536
536
536
536
536
536
536
536
536
536
536
536
536
536
536
536
536
536
536
537
538
538
538
538
538
539
539
-1
-1
539
-1
-1
-1
539
539
539
539
539
539
540
540
540
540
541
541
541
541
541
541
541
541
541
541
541
541
541
541
541
541
541
541
541
541
541
541
541
541
541
542
542
542
542
542
542
542
542
543
543
543
543
543
543
543
543
544
544
544
544
544
544
544
544
544
544
544
544
544
544
544
544
544
-1
-1
-1
-1
-1
-1
-1
-1
-1
-1
-1
-1
-1
-1
-1
-1
-1
-1
-1
-1
-1
-1
-1
-1
-1
-1
-1
-1
-1
-1
-1
-1
-1
-1
-1
-1
-1
-1
-1
-1
-1
-1
-1
-1
-1
-1
-1
-1
-1
-1
-1
-1
532
-1
532
532
532
533
533
533
533
534
534
534
534
534
534
534
535
535
536
536
536
536
536
537
538
538
538
538
539
539
539
539
540
540
540
540
540
540
541
541
542
542
543
543
543
543
543
543
543
543
543
543
543
543
544
544
544
544
544
544
544
544
544
544
544
544
544
544
544
544
544
544
544
544
544
544
544
544
544
544
-1
-1
-1
-1
-1
-1
-1
-1
-1
-1
-1
-1
-1
-1
-1
-1
-1
-1
-1
-1
-1
-1
-1
-1
-1
-1
-1
-1
-1
-1
-1
-1
-1
-1
-1
-1
-1
-1
-1
-1
-1
-1
-1
532
532
532
532
532
532
532
532
-1
532
532
532
532
532
532
532
532
532
532
532
532
532
532
532
532
532
532
532
532
532
532
532
-1
532
532
-1
-1
-1
-1
532
532
532
532
533
533
533
533
533
533
533
533
534
534
534
534
534
534
534
534
534
534
534
534
535
535
536
536
536
536
536
537
537
537
537
537
537
537
537
537
537
537
537
537
537
537
537
537
537
537
537
537
537
537
537
537
537
537
537
537
537
537
538
539
-1
539
539
539
539
539
540
541
541
541
541
541
541
541
541
541
542
543
543
543
543
543
543
543
543
543
543
543
543
543
543
543
543
543
544
544
544
544
544
544
544
544
544
544
544
544
544
544
544
544
544
544
544
544
544
544
545
545
545
545
545
545
545
545
545
545
545
545
545
545
545
545
545
545
545
545
545
545
545
545
545
545
545
545
545
545
545
545
545
545
545
545
545
545
545
545
545
545
545
545
545
545
545
545
545
545
545
545
545
546
546
546
-1
-1
-1
-1
462
-1
-1
-1
-1
-1
555
555
555
555
555
-1
-1
-1
-1
-1
-1
-1
-1
-1
-1
-1
-1
-1
-1
-1
-1
-1
-1
-1
-1
-1
-1
-1
-1
-1
-1
-1
-1
-1
-1
-1
-1
-1
-1
-1
-1
-1
-1
-1
-1
-1
-1
-1
-1
-1
-1
-1
-1
-1
545
545
546
546
547
548
549
550
551
551
551
551
551
551
551
551
551
551
551
551
551
551
551
551
551
551
551
551
551
551
551
551
551
551
551
551
551
551
551
551
551
551
551
-1
-1
-1
-1
-1
-1
-1
-1
-1
-1
-1
-1
-1
-1
-1
-1
-1
-1
-1
-1
-1
-1
-1
-1
-1
-1
-1
-1
-1
-1
-1
-1
-1
-1
-1
-1
-1
-1
-1
-1
-1
-1
-1
-1
545
545
545
545
545
545
545
545
545
545
545
545
545
545
545
545
545
545
545
545
545
545
545
545
545
545
545
545
545
545
545
545
545
545
545
546
546
546
546
546
546
546
546
546
546
546
546
546
546
546
546
546
546
546
546
546
546
546
546
546
546
546
546
546
546
546
546
546
546
546
546
546
546
546
546
546
546
546
546
546
546
546
546
546
546
546
546
546
546
546
546
546
546
546
546
546
546
546
546
546
546
546
546
546
547
548
549
549
549
549
549
549
549
549
550
551
551
551
551
552
552
552
552
552
552
553
553
553
553
553
553
553
553
553
553
553
553
553
553
553
553
553
553
553
553
553
553
553
553
554
554
554
554
554
554
554
554
554
554
554
555
556
556
556
556
556
556
556
556
556
556
556
556
556
556
556
556
556
556
556
556
556
556
556
556
556
556
556
556
556
556
556
556
556
556
556
556
556
556
556
556
556
556
556
556
556
556
556
556
556
556
556
556
556
556
556
556
556
556
556
556
556
556
556
556
556
556
556
556
556
556
556
556
556
557
558
559
559
559
559
559
559
559
559
559
559
559
559
559
559
559
559
559
559
559
559
559
559
559
559
559
559
559
559
559
559
559
559
559
559
559
559
559
559
559
559
559
560
560
560
560
560
560
560
560
560
560
560
560
560
561
561
561
561
561
561
561
561
562
563
563
563
563
563
563
563
563
563
563
563
563
564
564
564
564
564
564
564
564
564
564
565
566
566
566
566
566
566
566
566
566
566
566
566
566
566
566
566
566
566
566
566
566
566
566
566
566
566
566
566
566
566
567
567
567
567
567
567
567
567
567
567
567
567
567
567
567
567
567
567
567
567
568
568
568
568
569
569
569
569
569
569
569
569
569
569
569
570
570
570
570
570
570
570
570
570
570
570
570
571
571
571
571
571
571
571
571
571
571
571
571
571
571
571
572
572
572
572
572
572
572
572
573
573
573
574
574
574
575
575
575
575
575
575
575
-1
-1
-1
-1
-1
-1
-1
-1
-1
-1
-1
-1
-1
-1
-1
-1
-1
-1
-1
-1
-1
-1
-1
-1
-1
-1
-1
-1
-1
-1
-1
-1
-1
-1
-1
-1
-1
-1
-1
-1
-1
-1
-1
-1
-1
-1
-1
571
571
571
571
571
572
572
572
572
573
574
575
575
575
575
575
575
575
575
575
576
576
576
576
576
577
578
578
578
578
578
578
578
578
578
579
579
579
579
579
579
580
580
580
581
582
582
582
582
582
582
582
582
582
582
582
582
582
582
582
583
583
583
583
583
583
583
583
583
583
583
583
583
583
583
583
583
583
583
583
583
583
583
583
583
583
583
583
583
583
583
583
583
583
583
583
583
583
583
583
583
583
583
583
583
583
583
-1
583
583
583
583
583
583
583
583
583
583
583
583
583
583
583
583
583
583
583
583
583
583
583
583
583
583
583
583
583
583
583
583
583
583
583
583
583
583
583
583
583
583
583
583
583
583
583
583
583
583
583
583
583
583
583
583
583
583
583
583
583
583
583
583
583
583
583
583
583
583
583
583
583
583
583
583
583
583
583
583
583
583
583
583
583
583
583
583
583
583
583
583
583
583
583
583
583
583
583
583
583
583
583
583
583
583
583
583
583
583
583
583
583
583
583
583
583
583
583
583
583
583
583
583
583
583
583
583
583
583
583
583
583
583
583
583
583
-1
583
583
583
583
583
584
585
585
585
585
585
586
587
587
587
587
587
587
588
588
588
589
589
590
590
590
590
590
590
590
590
590
590
590
590
590
590
590
590
590
590
590
590
590
590
590
591
591
591
591
591
591
591
591
591
591
591
591
591
591
591
591
591
591
591
591
591
591
591
591
591
591
591
591
591
591
591
591
591
591
591
591
591
591
591
591
591
591
591
591
591
591
592
593
594
595
595
595
595
595
595
595
596
597
597
597
597
597
597
597
597
-1
598
598
598
598
598
598
598
598
598
598
598
598
598
-1
-1
-1
-1
598
598
-1
598
598
598
598
598
7898
598
598
-1
-1
-1
-1
-1
-1
-1
597
597
597
597
-1
-1
-1
598
598
598
598
-1
-1
-1
598
-1
598
598
-1
-1
4248
4248
597
597
-1
-1
598
-1
598
-1
598
-1
598
598
598
598
597
598
-1
-1
-1
598
598
598
598
598
597
597
597
597
597
597
-1
-1
-1
-1
-1
597
597
-1
-1
597
597
-1
-1
-1
-1
-1
597
597
597
597
-1
-1
-1
-1
-1
-1
598
-1
-1
-1
597
-1
597
597
597
597
597
598
597
597
597
597
-1
-1
-1
-1
-1
-1
598
598
598
598
598
598
598
598
598
598
598
598
597
-1
-1
598
598
598
598
598
598
7898
-1
-1
-1
-1
-1
-1
-1
-1
-1
-1
598
598
598
598
598
598
598
598
-1
598
598
-1
-1
-1
598
598
-1
-1
-1
599
599
599
599
599
599
599
599
599
599
599
599
599
599
599
599
599
599
600
-1
-1
-1
-1
-1
-1
-1
-1
-1
-1
602
602
-1
-1
-1
-1
602
602
602
602
602
602
-1
-1
-1
-1
-1
602
-1
-1
602
-1
-1
-1
-1
-1
-1
-1
602
-1
-1
-1
-1
-1
603
-1
606
610
611
611
611
-1
611
612
615
615
615
7918
620
624
625
625
625
625
625
625
625
625
625
-1
-1
-1
-1
-1
-1
-1
-1
-1
-1
-1
-1
-1
-1
-1
-1
-1
-1
-1
-1
-1
-1
-1
-1
-1
-1
-1
-1
-1
-1
-1
-1
-1
-1
-1
-1
-1
-1
-1
-1
-1
-1
-1
-1
598
598
598
598
598
598
603
598
598
-1
598
598
598
598
598
598
598
598
598
598
598
598
-1
-1
-1
598
598
598
598
598
598
-1
-1
598
598
598
4248
598
598
4248
598
598
598
598
598
-1
-1
598
598
598
-1
598
598
598
598
-1
598
598
598
-1
-1
-1
599
600
601
602
603
603
603
603
603
603
603
603
603
603
603
603
603
603
603
603
603
603
603
603
603
603
603
603
603
603
603
603
603
603
603
603
603
603
603
603
603
603
603
603
603
603
603
603
603
603
603
603
603
603
603
603
603
603
603
603
603
603
603
603
603
603
603
603
603
603
603
603
603
603
603
603
603
603
604
604
-1
-1
604
604
604
-1
-1
-1
-1
-1
-1
-1
-1
-1
-1
-1
-1
-1
605
606
607
608
608
608
608
608
608
608
608
608
608
608
608
608
608
608
608
608
608
608
608
608
608
-1
-1
608
608
608
608
608
608
608
608
608
608
608
608
608
608
608
608
608
608
608
608
608
608
608
608
608
608
609
609
609
610
610
610
610
610
610
610
610
610
610
611
611
611
611
611
611
611
611
611
611
-1
-1
-1
-1
-1
-1
-1
-1
-1
-1
-1
-1
-1
-1
-1
-1
-1
-1
-1
-1
-1
-1
-1
-1
-1
-1
-1
-1
-1
-1
-1
-1
-1
-1
-1
-1
-1
-1
-1
-1
-1
-1
-1
-1
-1
-1
-1
-1
610
610
610
610
610
610
610
610
610
610
610
611
611
611
611
-1
-1
-1
-1
-1
-1
-1
-1
-1
-1
-1
-1
-1
-1
-1
-1
-1
-1
-1
-1
-1
-1
-1
-1
-1
-1
-1
-1
-1
-1
-1
-1
-1
-1
-1
-1
-1
-1
-1
-1
-1
-1
-1
-1
-1
-1
-1
-1
-1
-1
-1
-1
-1
-1
-1
-1
-1
-1
-1
610
611
611
611
611
611
-1
-1
-1
-1
-1
-1
-1
-1
-1
-1
-1
-1
-1
-1
-1
-1
-1
-1
-1
-1
-1
-1
-1
-1
-1
-1
-1
-1
-1
-1
-1
-1
-1
-1
-1
-1
-1
-1
-1
-1
-1
-1
-1
610
611
611
611
611
611
611
611
611
611
611
611
611
611
611
611
611
611
611
611
611
611
611
611
611
611
611
611
611
611
611
611
611
611
611
611
611
611
611
611
611
611
611
611
611
611
611
611
611
611
611
611
611
611
611
611
611
611
611
611
611
611
611
611
611
611
611
611
611
611
611
611
611
611
611
611
611
611
611
611
611
612
613
614
614
614
614
614
614
614
614
614
614
614
614
614
614
614
614
614
614
614
614
614
614
614
614
614
614
614
614
614
614
614
614
614
614
614
614
614
615
615
615
615
615
615
615
615
615
615
615
615
615
615
615
615
615
615
615
615
615
615
615
615
615
615
615
615
615
615
615
615
615
615
615
615
615
615
615
615
615
615
615
615
615
615
615
615
615
615
615
615
615
615
615
615
615
615
615
615
615
615
615
615
615
615
615
615
615
615
615
615
615
615
615
615
615
615
615
615
615
615
615
615
615
615
615
615
615
615
615
615
615
615
615
615
615
615
615
615
616
616
616
617
618
618
618
618
618
618
618
618
618
618
618
619
619
619
619
619
619
619
619
619
619
619
619
619
619
619
619
619
619
619
619
619
619
619
619
619
619
619
619
619
619
619
619
619
619
619
619
619
619
619
619
619
619
619
619
619
619
619
619
619
619
619
619
619
619
619
619
619
620
620
620
620
620
620
620
620
620
620
620
620
620
620
620
620
620
620
620
620
620
620
620
620
620
620
620
620
620
620
620
620
620
620
620
620
620
620
620
620
620
620
620
620
620
620
620
621
622
623
7924
625
626
627
627
627
627
627
627
627
627
627
627
627
628
628
628
628
628
628
628
628
628
628
628
628
-1
-1
-1
-1
-1
-1
-1
-1
-1
-1
-1
-1
-1
-1
-1
-1
-1
-1
-1
-1
-1
-1
-1
-1
-1
-1
-1
-1
-1
-1
-1
-1
-1
-1
-1
-1
-1
-1
-1
-1
-1
-1
-1
-1
-1
627
627
627
627
627
627
628
628
628
628
628
628
628
628
628
628
628
628
628
628
628
628
628
628
628
628
628
628
628
628
628
628
628
628
628
628
628
628
628
628
628
628
628
628
628
628
628
628
628
628
628
628
628
628
628
628
628
628
628
628
628
628
628
628
628
-1
-1
-1
-1
-1
-1
-1
-1
-1
-1
-1
-1
-1
-1
-1
-1
-1
-1
-1
-1
-1
-1
-1
-1
-1
-1
-1
-1
-1
-1
-1
-1
-1
-1
-1
-1
-1
-1
-1
-1
-1
-1
-1
627
627
628
628
628
628
628
628
628
628
628
628
628
628
-1
628
-1
628
-1
628
628
628
628
628
628
628
628
628
628
628
628
628
628
628
628
628
628
628
628
628
628
628
628
628
628
628
628
628
628
628
628
628
628
628
628
628
628
628
628
628
628
628
628
628
628
628
628
628
628
628
628
628
628
628
628
628
628
628
628
628
628
628
628
628
629
629
629
629
-1
631
631
631
631
631
631
631
631
631
631
-1
-1
-1
-1
-1
-1
-1
-1
-1
-1
-1
633
633
633
633
633
-1
-1
633
-1
633
-1
633
633
633
633
633
633
633
633
633
-1
633
-1
-1
-1
633
-1
633
633
-1
633
-1
633
633
633
633
633
-1
-1
-1
-1
633
633
633
633
633
633
633
633
633
633
634
635
636
636
636
636
636
636
636
636
636
636
636
636
636
636
636
636
636
-1
-1
-1
-1
-1
-1
-1
-1
-1
-1
-1
-1
-1
-1
-1
-1
-1
-1
-1
-1
-1
-1
-1
-1
-1
-1
-1
-1
-1
-1
-1
-1
-1
-1
-1
-1
-1
-1
-1
-1
-1
-1
-1
-1
-1
-1
-1
-1
-1
-1
-1
-1
-1
-1
-1
-1
-1
627
627
627
627
627
627
627
627
628
628
628
628
628
628
628
629
630
631
632
633
633
633
633
633
-1
-1
-1
-1
633
633
633
633
634
-1
636
636
636
636
636
637
637
637
638
638
638
639
640
640
640
641
641
641
641
641
642
642
643
643
643
643
643
643
644
644
644
644
645
646
646
647
651
648
648
648
648
648
648
648
648
648
648
648
-1
-1
-1
-1
648
648
648
648
648
648
648
648
648
648
648
648
648
648
648
648
648
649
649
649
649
649
629
629
629
629
629
629
629
649
629
649
-1
-1
-1
652
652
652
652
652
652
652
652
652
652
652
652
652
652
652
652
652
652
652
652
652
652
652
652
652
652
652
652
652
-1
-1
-1
-1
-1
-1
-1
-1
-1
-1
-1
-1
-1
-1
-1
-1
-1
-1
-1
-1
-1
-1
-1
-1
-1
-1
-1
-1
-1
-1
-1
-1
-1
-1
-1
-1
-1
-1
-1
-1
-1
-1
-1
-1
-1
-1
-1
-1
-1
-1
648
648
648
648
648
649
629
649
649
649
649
649
649
-1
-1
-1
-1
-1
-1
-1
-1
-1
-1
-1
-1
-1
-1
-1
-1
-1
-1
-1
-1
-1
-1
-1
-1
-1
-1
-1
-1
-1
-1
-1
-1
-1
-1
-1
-1
-1
-1
-1
-1
-1
-1
-1
648
648
648
648
649
649
649
629
649
649
649
629
629
629
649
649
649
649
649
650
650
650
651
651
651
651
651
651
651
651
651
651
652
652
652
652
652
652
652
652
652
652
652
652
652
652
652
652
652
652
652
652
652
652
652
652
652
652
652
652
652
652
652
652
652
652
652
652
652
652
652
652
652
652
652
652
652
652
652
652
652
652
652
652
652
652
652
652
652
652
652
652
652
652
652
652
652
652
652
652
652
652
652
652
652
652
652
-1
-1
-1
-1
-1
-1
-1
-1
-1
-1
-1
-1
-1
-1
-1
-1
-1
-1
-1
-1
-1
-1
-1
-1
-1
-1
-1
-1
-1
-1
-1
-1
-1
-1
-1
-1
-1
-1
-1
-1
-1
-1
-1
-1
-1
-1
-1
-1
-1
-1
-1
-1
-1
-1
-1
-1
-1
-1
-1
-1
-1
-1
652
652
652
652
652
652
652
652
652
652
-1
-1
-1
-1
-1
-1
-1
-1
-1
-1
-1
-1
-1
-1
-1
-1
-1
-1
-1
-1
-1
-1
-1
-1
-1
-1
-1
-1
-1
-1
-1
-1
-1
-1
-1
-1
-1
-1
-1
-1
-1
-1
-1
-1
-1
-1
-1
652
652
652
652
652
652
652
652
652
652
652
652
652
652
652
652
652
652
652
652
652
652
-1
-1
-1
-1
-1
-1
-1
-1
-1
-1
-1
-1
-1
-1
-1
-1
-1
-1
-1
-1
-1
-1
-1
-1
-1
-1
-1
-1
-1
-1
-1
-1
-1
-1
-1
-1
-1
-1
-1
-1
-1
-1
-1
-1
-1
-1
-1
-1
-1
-1
-1
-1
-1
-1
-1
-1
-1
-1
-1
-1
-1
-1
-1
652
652
652
652
652
652
652
652
652
652
652
652
652
652
652
652
653
653
653
653
653
654
654
654
654
654
654
654
654
654
654
654
655
656
657
658
658
-1
658
658
658
658
658
658
658
658
659
659
659
659
659
659
659
659
659
659
659
659
659
659
659
659
659
659
659
659
659
660
660
660
660
660
660
660
660
660
660
660
660
660
660
660
660
660
661
661
662
662
662
662
662
662
662
662
662
662
662
662
662
662
662
662
662
662
662
662
662
662
662
662
662
662
662
662
662
662
662
662
662
662
662
662
662
663
663
663
663
663
663
663
663
663
663
663
663
663
663
663
663
663
663
663
663
663
663
663
663
663
663
663
663
663
663
663
663
663
663
663
663
663
663
664
664
664
664
664
664
664
664
664
664
664
664
664
664
664
664
664
664
664
664
665
665
665
665
665
666
666
666
666
666
666
666
666
666
666
666
666
666
666
666
667
667
667
667
668
668
668
668
668
668
668
669
670
670
670
670
670
670
670
670
670
671
672
673
673
673
673
673
673
673
673
673
673
673
673
673
673
673
673
673
673
673
673
673
673
673
673
673
673
673
673
674
674
674
674
674
674
674
674
674
674
674
674
674
674
674
674
674
674
674
674
675
675
675
675
675
675
675
675
675
675
675
675
675
675
675
675
675
675
675
675
675
675
675
675
675
675
675
675
675
675
675
675
675
675
675
675
675
675
675
675
675
675
675
675
675
675
675
675
675
675
675
675
675
675
675
675
675
675
675
675
675
675
675
675
675
675
675
675
675
675
675
675
675
675
675
675
675
675
675
675
675
675
675
675
675
675
675
675
675
675
675
675
675
675
675
675
675
675
675
675
675
675
675
675
675
675
675
675
675
675
675
675
675
675
675
675
675
675
675
675
675
675
675
675
675
675
675
675
675
675
675
675
675
675
675
675
675
675
675
675
675
675
675
675
675
675
675
675
675
675
675
675
675
675
675
675
675
675
675
675
675
675
675
675
675
675
675
675
675
675
675
675
675
675
675
675
675
675
675
675
675
675
675
675
675
675
675
675
675
675
675
675
675
676
677
678
679
-1
-1
679
679
679
679
679
679
679
679
679
679
679
679
-1
-1
-1
-1
-1
-1
-1
-1
-1
-1
-1
-1
-1
-1
-1
-1
-1
-1
-1
-1
-1
-1
-1
-1
-1
-1
-1
-1
-1
-1
-1
-1
-1
-1
-1
-1
-1
-1
-1
-1
-1
-1
-1
-1
-1
-1
-1
-1
-1
-1
-1
-1
-1
-1
-1
-1
-1
-1
-1
-1
-1
-1
-1
-1
-1
-1
-1
-1
-1
-1
-1
-1
-1
-1
-1
-1
-1
-1
-1
-1
-1
-1
-1
-1
-1
-1
-1
-1
-1
-1
-1
-1
-1
-1
-1
-1
-1
-1
-1
-1
-1
-1
-1
-1
-1
-1
-1
-1
-1
-1
-1
-1
-1
-1
-1
-1
-1
-1
-1
-1
-1
-1
-1
652
652
652
652
652
652
652
652
652
652
652
652
652
652
652
652
652
652
652
652
652
652
652
652
653
653
654
654
654
654
654
654
654
654
654
654
654
654
654
654
654
655
655
655
656
656
656
657
658
658
658
659
659
659
659
659
659
660
660
660
660
660
660
660
660
660
660
660
660
660
660
660
660
660
660
660
660
660
660
660
661
661
661
661
661
661
661
661
661
661
661
662
662
662
662
662
662
662
662
662
662
663
663
663
663
663
663
663
663
664
664
664
664
665
665
665
665
665
665
666
667
667
668
668
668
668
668
669
669
669
669
669
669
669
670
670
670
670
670
670
670
670
670
670
670
-1
-1
-1
-1
-1
-1
-1
-1
-1
-1
-1
-1
-1
-1
-1
-1
-1
-1
-1
-1
-1
-1
-1
-1
-1
-1
-1
-1
-1
-1
-1
-1
-1
-1
-1
-1
-1
-1
-1
-1
-1
-1
-1
654
654
654
654
654
654
655
656
657
657
658
659
659
659
659
660
661
661
661
661
661
662
663
663
663
663
663
663
663
664
664
664
664
664
664
664
665
665
665
665
665
665
666
666
666
666
667
667
667
667
667
667
667
667
667
667
668
668
668
668
668
668
668
668
668
668
668
668
668
668
668
668
668
668
669
670
670
670
670
670
670
670
671
672
673
673
673
673
673
673
673
673
673
673
674
674
675
675
675
675
675
675
675
676
676
676
676
676
676
676
676
676
676
677
677
678
678
678
678
678
678
679
679
679
679
679
679
679
679
679
660
681
681
681
681
681
681
681
681
681
681
681
681
681
682
683
684
684
684
684
684
684
684
684
684
684
684
684
684
684
684
684
684
684
684
684
684
684
684
684
684
685
685
685
685
685
685
685
685
685
685
685
685
686
686
686
686
686
686
686
686
686
686
686
686
686
686
686
686
687
688
689
689
689
689
689
689
689
689
689
689
689
689
689
689
689
689
689
689
689
689
689
689
689
689
689
689
689
689
689
689
689
689
689
689
689
689
689
689
689
689
689
689
689
689
689
689
689
689
689
689
689
689
689
689
689
689
689
689
689
689
689
689
689
689
689
689
689
689
689
689
689
689
689
689
689
689
689
689
689
689
689
689
689
689
689
689
689
689
689
689
689
689
689
689
689
689
689
689
689
689
689
689
689
689
689
689
689
689
689
689
689
689
689
689
689
689
689
689
689
689
689
689
689
689
689
689
689
689
689
689
689
689
689
689
689
689
689
689
689
689
689
689
689
689
689
689
689
689
689
689
689
689
689
689
689
689
689
689
689
689
689
689
689
689
689
689
689
689
689
689
689
689
689
689
689
689
689
689
689
689
689
689
689
689
689
689
689
689
689
689
689
689
689
689
689
689
689
689
689
689
689
689
689
689
689
689
689
689
689
689
689
689
689
689
689
689
689
689
689
689
689
689
689
689
689
689
689
689
689
689
689
689
689
689
689
689
689
689
689
689
689
689
689
689
689
689
689
689
689
689
689
689
689
689
689
689
689
689
689
689
689
689
689
689
689
689
689
689
689
689
689
689
690
690
690
690
690
690
690
690
-1
690
-1
690
690
690
-1
-1
-1
690
690
690
690
690
690
690
690
690
690
690
690
690
690
690
690
690
690
690
690
690
690
690
690
690
690
690
690
690
690
690
690
690
690
690
690
690
690
690
690
690
690
690
690
690
690
690
690
690
690
690
690
690
690
690
690
690
690
690
690
690
690
690
690
690
690
690
690
690
690
690
690
690
690
690
690
691
692
693
693
693
693
693
693
693
693
693
693
693
693
693
693
693
693
693
693
693
693
693
693
693
693
693
693
694
694
694
694
694
695
695
695
695
695
695
695
695
695
695
695
695
695
695
695
695
695
696
697
697
698
698
698
698
698
698
698
698
698
698
698
698
698
698
698
698
698
698
698
698
698
698
698
698
698
698
698
698
698
698
698
698
698
698
698
699
699
699
699
700
700
700
700
700
700
701
702
702
702
702
702
702
702
702
702
702
702
702
702
702
702
702
702
702
702
702
702
702
702
702
702
702
702
702
703
704
704
704
704
704
704
705
705
705
705
705
705
705
705
706
707
707
707
707
707
707
707
707
707
707
707
708
708
708
708
709
709
710
710
710
710
710
710
710
710
710
710
710
710
710
710
710
710
710
710
710
710
711
711
711
711
711
711
711
711
711
711
711
711
711
711
711
711
711
711
711
711
711
712
713
714
715
715
715
715
715
715
715
715
716
716
716
716
716
716
716
716
716
716
716
716
716
716
716
716
716
716
716
716
716
716
716
716
717
718
718
718
718
718
718
718
718
718
718
718
718
718
718
718
718
718
718
718
718
718
718
718
718
718
718
718
718
718
718
718
718
718
718
718
718
718
718
718
718
718
718
718
718
718
718
718
718
718
718
718
718
718
718
718
719
719
719
719
719
720
720
720
720
720
720
720
720
720
720
720
720
720
720
720
720
720
720
720
720
720
720
720
720
720
720
720
720
720
720
720
720
720
720
720
720
720
720
720
720
720
720
720
720
720
720
720
720
720
720
720
720
720
720
720
720
720
720
720
720
720
720
720
720
720
720
720
720
720
720
720
720
720
720
720
720
720
720
720
720
720
720
720
720
720
720
720
720
720
720
720
720
720
720
720
720
720
720
720
720
720
720
720
720
720
720
720
720
720
720
720
720
720
720
720
720
720
720
720
720
720
720
720
720
720
720
720
720
720
720
720
720
720
720
720
720
720
720
720
720
720
720
720
720
720
720
720
720
720
720
720
720
720
720
720
720
720
720
720
720
720
720
720
720
720
720
720
720
720
720
720
720
720
720
720
720
720
720
720
720
720
720
720
720
720
720
720
720
720
720
720
720
720
720
720
720
720
720
720
720
720
720
720
720
720
720
720
720
720
720
720
720
720
720
720
720
720
720
720
720
720
720
720
720
720
720
720
720
720
720
720
720
720
720
720
720
720
720
721
721
721
721
721
721
721
721
721
721
721
721
721
721
721
722
722
722
722
722
723
723
723
723
723
723
723
723
723
723
723
723
723
723
723
724
724
724
724
724
724
724
724
724
724
724
724
724
724
724
725
726
727
727
727
727
727
727
727
727
727
727
727
727
727
727
728
729
729
729
729
729
-1
730
-1
-1
730
-1
-1
-1
-1
731
731
731
731
731
731
731
731
731
731
731
731
731
731
731
731
731
731
731
731
731
731
731
731
731
731
731
731
731
731
731
731
731
731
731
731
731
731
731
731
731
731
731
731
731
731
731
731
731
731
731
731
731
731
731
731
731
731
731
731
731
731
731
731
731
731
731
731
731
731
731
731
731
731
731
731
731
731
731
731
731
732
732
732
732
732
732
732
733
733
733
733
733
733
733
733
733
734
734
734
734
734
734
734
734
734
734
734
734
734
734
734
734
734
734
734
734
734
734
735
736
736
736
736
736
737
737
737
737
737
737
737
737
737
737
737
738
738
738
738
738
738
738
738
738
738
738
738
738
738
738
738
738
738
738
738
739
739
739
739
739
739
739
739
740
741
742
742
742
742
742
742
742
742
743
744
744
745
745
745
745
745
745
745
745
745
745
746
747
747
747
747
748
748
748
748
748
748
748
748
748
748
748
748
748
748
748
748
748
748
748
748
748
-1
-1
-1
-1
-1
-1
-1
-1
-1
-1
-1
-1
-1
-1
-1
-1
-1
-1
-1
-1
-1
-1
-1
-1
-1
-1
-1
-1
-1
-1
-1
-1
-1
-1
-1
-1
-1
-1
-1
-1
-1
-1
-1
-1
737
737
737
737
737
737
737
737
737
737
737
737
737
737
737
737
737
737
737
737
737
737
737
737
737
737
737
737
737
737
737
737
737
737
737
737
737
737
737
737
737
737
737
737
737
737
737
737
737
737
737
737
737
737
737
737
737
737
737
737
737
737
737
737
737
737
737
737
737
737
737
737
737
737
737
737
737
737
737
737
737
737
737
737
737
737
737
737
737
738
738
738
738
738
738
738
738
738
738
738
-1
-1
-1
-1
-1
-1
-1
-1
-1
-1
-1
-1
-1
-1
-1
-1
-1
-1
-1
-1
-1
-1
-1
-1
-1
-1
-1
-1
-1
-1
-1
-1
-1
-1
-1
-1
-1
-1
-1
-1
-1
-1
-1
-1
-1
-1
-1
-1
-1
-1
-1
-1
737
737
737
737
737
737
737
737
737
737
737
737
737
737
737
737
737
737
737
737
737
737
737
737
737
737
737
737
737
737
737
737
737
737
737
737
737
737
737
737
737
737
737
737
737
737
737
737
737
737
737
737
737
738
738
738
738
738
738
738
738
738
738
738
738
738
738
738
738
738
738
738
739
739
739
739
739
739
739
739
739
740
741
741
741
741
741
741
741
741
741
741
741
741
742
742
742
742
743
744
744
744
744
744
744
744
744
744
744
745
745
745
745
745
745
745
745
745
745
745
746
746
746
746
746
746
746
746
746
746
746
746
746
746
746
746
746
746
747
747
747
747
747
747
747
747
747
747
747
747
747
748
748
748
748
748
748
748
748
748
748
748
748
748
748
748
748
748
748
748
748
749
750
750
750
750
750
750
750
751
751
751
751
751
751
751
751
751
751
751
751
751
751
751
751
751
751
751
751
751
751
751
751
751
751
751
752
752
752
752
752
752
752
752
752
752
752
752
752
752
752
752
752
752
752
752
752
752
752
752
752
752
752
752
752
752
752
752
752
752
752
752
752
752
752
752
752
752
752
752
752
752
752
752
752
752
752
752
753
753
753
753
753
753
753
753
753
753
753
753
754
754
754
754
754
754
754
754
754
754
754
754
754
754
754
754
754
754
754
754
754
754
754
754
754
754
754
754
754
754
754
754
754
754
754
754
754
754
754
754
755
755
755
755
755
755
755
755
755
755
755
755
755
755
755
755
755
756
757
757
757
757
757
757
757
757
757
757
757
757
757
757
757
758
758
758
758
758
758
758
758
758
758
758
758
758
758
758
758
758
758
759
759
760
760
760
760
760
760
760
760
760
760
761
762
762
762
762
762
762
762
763
763
763
764
765
766
766
766
766
766
766
766
767
767
767
767
767
767
767
767
767
767
767
767
767
767
767
767
767
767
767
767
767
767
767
767
767
768
768
769
769
769
769
770
770
770
770
770
771
771
771
771
771
771
771
771
771
771
771
771
771
771
771
771
771
771
771
772
773
773
773
773
773
773
773
773
773
773
773
773
773
773
773
773
773
773
774
774
774
774
774
774
774
774
774
774
774
774
774
774
774
774
774
774
774
774
774
774
774
775
775
775
775
776
777
777
777
777
778
779
780
780
780
780
780
780
780
780
780
-1
-1
-1
-1
-1
-1
-1
-1
-1
-1
-1
-1
-1
-1
-1
-1
-1
-1
-1
-1
-1
-1
-1
-1
-1
-1
-1
-1
-1
-1
-1
-1
-1
-1
-1
-1
-1
-1
-1
-1
-1
-1
-1
-1
-1
-1
-1
-1
-1
-1
780
780
780
780
780
780
780
780
780
780
780
780
780
780
780
780
780
780
780
781
781
781
781
781
781
781
781
781
781
781
781
781
781
781
781
781
781
781
-1
-1
-1
782
-1
782
-1
782
-1
-1
-1
-1
-1
-1
782
-1
782
782
-1
782
-1
-1
782
782
-1
-1
-1
-1
-1
-1
-1
-1
-1
-1
784
784
784
784
784
784
784
784
784
784
784
785
-1
-1
-1
786
786
787
788
788
788
788
-1
-1
-1
-1
-1
-1
788
788
788
788
788
-1
-1
-1
-1
788
-1
-1
-1
-1
788
-1
788
-1
-1
-1
-1
790
790
790
790
790
790
790
790
790
790
790
790
790
790
-1
-1
-1
-1
-1
-1
-1
-1
-1
-1
-1
-1
-1
-1
-1
-1
-1
-1
-1
-1
-1
-1
-1
-1
-1
-1
-1
-1
-1
-1
-1
-1
-1
-1
-1
-1
-1
-1
-1
-1
-1
-1
-1
-1
-1
-1
-1
-1
-1
-1
-1
-1
-1
-1
-1
-1
782
782
782
782
782
782
782
782
782
782
-1
-1
-1
-1
-1
-1
-1
-1
-1
-1
-1
-1
-1
-1
-1
-1
-1
-1
-1
-1
-1
-1
782
-1
-1
-1
-1
-1
-1
-1
-1
783
784
784
784
784
784
784
-1
-1
-1
-1
-1
-1
-1
-1
-1
-1
787
787
787
787
787
787
787
787
787
787
787
-1
-1
-1
788
-1
-1
-1
-1
-1
788
-1
-1
-1
788
-1
-1
-1
-1
-1
-1
-1
-1
-1
-1
-1
-1
-1
-1
-1
-1
-1
-1
-1
-1
-1
-1
-1
-1
-1
-1
-1
-1
-1
-1
-1
-1
-1
-1
-1
-1
-1
-1
-1
-1
-1
-1
-1
-1
-1
-1
787
787
787
787
787
787
788
788
788
788
788
788
788
788
-1
-1
-1
-1
-1
-1
-1
-1
-1
-1
-1
-1
-1
-1
-1
-1
-1
-1
-1
-1
-1
-1
-1
-1
-1
-1
-1
-1
-1
-1
-1
-1
-1
-1
-1
-1
-1
-1
-1
-1
-1
-1
-1
-1
-1
787
787
787
-1
-1
788
788
788
788
788
788
788
788
-1
-1
-1
-1
-1
-1
-1
-1
-1
-1
-1
-1
-1
-1
-1
-1
-1
-1
-1
-1
-1
-1
-1
-1
-1
-1
-1
-1
-1
-1
-1
-1
-1
-1
-1
-1
-1
-1
-1
-1
-1
-1
-1
787
787
787
787
787
787
787
787
788
788
788
-1
788
788
-1
-1
-1
-1
-1
-1
-1
-1
-1
-1
-1
-1
-1
-1
-1
-1
-1
-1
-1
-1
-1
-1
-1
-1
-1
-1
-1
-1
-1
-1
-1
-1
-1
-1
-1
-1
-1
-1
-1
-1
-1
-1
-1
-1
-1
-1
788
788
788
788
788
-1
-1
-1
-1
-1
788
788
788
788
788
788
788
788
788
788
788
788
788
788
788
788
788
788
788
788
788
788
788
788
788
788
788
788
788
-1
788
788
788
788
788
788
788
788
789
789
789
-1
-1
-1
793
-1
-1
-1
-1
-1
-1
-1
-1
-1
-1
-1
-1
-1
-1
-1
-1
-1
-1
-1
-1
-1
-1
-1
-1
-1
-1
-1
-1
-1
-1
-1
-1
-1
-1
-1
-1
-1
-1
-1
-1
-1
-1
-1
-1
-1
-1
-1
-1
-1
-1
-1
-1
-1
-1
-1
-1
-1
-1
787
787
787
787
787
787
787
-1
788
788
-1
-1
-1
788
-1
788
788
788
788
788
-1
788
788
788
788
788
788
-1
-1
789
789
789
789
789
789
790
791
792
792
792
-1
792
792
792
-1
-1
792
792
792
792
792
792
792
792
792
792
-1
794
794
794
794
794
794
794
794
-1
-1
-1
-1
-1
-1
-1
-1
-1
-1
-1
-1
-1
-1
-1
-1
-1
-1
-1
-1
-1
-1
-1
-1
-1
-1
-1
-1
-1
-1
-1
-1
-1
-1
-1
-1
-1
-1
-1
-1
-1
-1
-1
-1
-1
-1
-1
-1
-1
-1
788
788
788
788
788
788
788
788
788
788
788
-1
-1
-1
-1
-1
-1
789
789
789
789
789
789
789
789
789
789
789
789
789
789
789
789
790
790
790
790
790
790
790
790
790
790
790
790
790
790
790
790
790
790
790
790
790
790
790
790
790
790
790
791
791
791
791
781
791
792
-1
-1
-1
-1
-1
-1
-1
-1
-1
-1
-1
-1
-1
-1
-1
-1
-1
-1
-1
-1
-1
-1
-1
-1
-1
-1
-1
-1
-1
-1
-1
-1
-1
-1
-1
-1
-1
-1
-1
-1
-1
-1
-1
-1
-1
-1
-1
-1
-1
-1
-1
-1
-1
-1
-1
-1
790
790
790
790
790
790
790
790
790
790
790
790
790
790
790
790
790
790
790
791
791
791
791
791
792
-1
-1
-1
-1
-1
-1
-1
-1
-1
-1
-1
-1
-1
-1
-1
-1
-1
-1
-1
-1
-1
794
795
-1
795
795
795
795
796
-1
-1
796
-1
-1
796
796
796
796
796
796
796
796
796
796
796
796
796
796
796
796
796
796
796
796
796
-1
796
796
796
796
796
796
796
796
796
796
796
796
796
796
796
796
796
796
796
796
796
796
796
-1
-1
-1
-1
-1
-1
-1
-1
-1
-1
-1
-1
-1
-1
-1
-1
-1
-1
-1
-1
-1
-1
-1
-1
-1
-1
-1
-1
-1
-1
-1
-1
-1
-1
-1
-1
-1
-1
-1
-1
-1
-1
-1
-1
-1
-1
-1
-1
-1
-1
-1
-1
-1
-1
-1
-1
793
-1
-1
-1
794
-1
-1
795
795
795
-1
-1
-1
-1
-1
-1
795
795
795
795
795
796
796
796
796
796
-1
796
796
796
796
796
796
796
796
796
796
-1
796
796
796
796
796
796
796
796
796
796
796
796
796
-1
-1
-1
-1
-1
798
798
798
798
799
799
799
799
-1
-1
-1
-1
-1
-1
-1
-1
-1
-1
-1
-1
-1
-1
-1
-1
-1
-1
-1
-1
-1
-1
-1
-1
-1
-1
-1
-1
-1
-1
-1
-1
-1
-1
-1
-1
-1
-1
-1
-1
-1
-1
-1
-1
-1
-1
-1
-1
-1
-1
-1
-1
-1
-1
-1
-1
-1
-1
-1
-1
-1
-1
794
795
-1
-1
-1
-1
-1
-1
796
796
796
796
796
796
796
796
796
796
796
796
796
796
-1
-1
-1
-1
-1
-1
-1
-1
-1
-1
-1
-1
-1
-1
-1
-1
-1
-1
-1
-1
-1
-1
-1
-1
-1
-1
-1
-1
-1
-1
-1
-1
-1
-1
-1
-1
-1
-1
-1
-1
-1
-1
-1
-1
-1
-1
-1
-1
-1
-1
-1
795
796
796
796
796
796
796
796
796
796
796
796
796
-1
-1
-1
-1
-1
-1
-1
-1
-1
-1
-1
-1
-1
-1
-1
-1
-1
-1
-1
-1
-1
-1
-1
-1
-1
-1
-1
-1
-1
-1
-1
-1
-1
-1
-1
-1
-1
-1
-1
-1
-1
-1
-1
-1
-1
-1
794
-1
-1
796
796
796
796
796
796
796
796
796
-1
-1
-1
-1
-1
-1
-1
-1
-1
-1
-1
-1
-1
-1
-1
-1
-1
-1
-1
-1
-1
-1
-1
-1
-1
-1
-1
-1
-1
-1
-1
-1
-1
-1
-1
-1
-1
-1
-1
-1
-1
-1
-1
-1
-1
-1
794
795
795
795
796
796
796
796
796
796
796
796
796
796
796
796
-1
-1
-1
-1
-1
-1
-1
-1
-1
-1
-1
-1
-1
-1
-1
-1
-1
-1
-1
-1
-1
-1
-1
-1
-1
-1
-1
-1
-1
-1
-1
-1
-1
-1
-1
-1
-1
-1
-1
-1
-1
-1
-1
-1
-1
795
795
-1
796
796
796
796
796
796
796
796
797
799
800
800
800
800
800
800
800
800
800
800
800
800
800
800
800
800
800
800
800
800
800
-1
-1
-1
-1
-1
-1
-1
-1
-1
-1
-1
-1
-1
-1
-1
-1
-1
-1
-1
-1
-1
-1
-1
-1
-1
-1
-1
-1
-1
-1
-1
-1
-1
-1
-1
-1
-1
-1
-1
-1
-1
-1
793
793
793
793
793
793
793
793
793
793
793
-1
-1
-1
-1
-1
-1
-1
-1
-1
-1
-1
-1
-1
-1
-1
-1
793
-1
-1
-1
-1
-1
-1
-1
-1
-1
-1
-1
-1
-1
-1
-1
794
-1
-1
-1
796
796
796
796
796
796
796
796
796
796
796
796
-1
-1
-1
-1
-1
-1
-1
-1
-1
-1
-1
-1
-1
-1
-1
-1
-1
-1
-1
-1
-1
-1
-1
-1
-1
-1
-1
-1
-1
-1
-1
-1
-1
-1
-1
-1
-1
-1
-1
-1
-1
-1
-1
-1
-1
-1
793
793
-1
-1
794
-1
-1
796
796
796
796
796
796
796
796
796
796
796
796
796
796
796
796
796
796
-1
-1
-1
-1
-1
-1
-1
-1
-1
-1
-1
-1
-1
-1
-1
-1
-1
-1
-1
-1
-1
-1
-1
-1
-1
-1
-1
-1
-1
-1
-1
-1
-1
-1
-1
-1
-1
-1
-1
-1
-1
-1
-1
-1
793
793
793
793
-1
-1
795
-1
796
796
796
796
796
796
796
796
796
796
796
796
796
796
796
796
796
796
796
796
796
796
796
796
796
-1
798
798
798
798
798
798
-1
-1
-1
-1
-1
798
798
798
798
798
798
798
798
798
798
798
798
798
798
798
798
-1
-1
-1
-1
-1
-1
800
800
-1
800
800
800
800
800
800
-1
-1
803
-1
-1
-1
-1
-1
804
804
804
804
-1
-1
-1
-1
-1
-1
-1
-1
805
806
806
806
806
806
806
806
806
806
-1
806
806
806
806
806
806
806
806
806
806
806
806
806
806
806
806
806
806
806
806
806
806
806
806
806
806
-1
-1
-1
-1
-1
-1
-1
807
-1
-1
-1
808
-1
-1
-1
-1
-1
-1
-1
-1
-1
-1
-1
-1
-1
-1
-1
-1
-1
-1
-1
-1
-1
-1
-1
-1
-1
-1
-1
-1
-1
-1
-1
-1
-1
-1
-1
-1
-1
-1
-1
-1
-1
-1
-1
-1
-1
-1
-1
-1
-1
-1
-1
-1
-1
-1
-1
-1
-1
-1
798
798
798
798
798
798
798
798
798
798
798
-1
-1
-1
800
800
800
800
800
800
800
800
800
800
801
801
801
801
801
802
802
802
802
802
802
802
802
802
802
802
802
802
802
-1
-1
802
-1
802
-1
-1
802
-1
-1
-1
-1
-1
-1
-1
-1
-1
-1
803
804
804
804
804
-1
-1
-1
805
805
805
806
806
806
806
806
-1
806
-1
807
807
-1
-1
-1
807
-1
807
807
807
807
807
808
808
808
808
808
808
808
808
808
808
808
808
808
808
808
808
808
808
808
809
810
810
-1
810
-1
-1
-1
810
810
810
810
810
-1
810
810
-1
810
810
810
810
810
810
810
810
810
810
-1
810
810
810
810
-1
-1
-1
-1
-1
-1
-1
-1
810
810
810
810
810
810
810
810
810
810
810
-1
-1
-1
810
-1
810
810
-1
-1
810
810
-1
810
810
-1
-1
810
810
810
810
810
-1
811
811
811
811
812
812
812
812
812
812
812
812
813
813
813
813
-1
813
813
813
813
813
813
813
813
813
813
813
813
814
814
814
814
815
815
815
815
-1
-1
-1
815
-1
815
815
815
815
815
815
815
815
815
815
815
815
815
815
815
815
815
815
815
815
815
815
815
815
816
817
817
818
819
820
820
820
820
821
821
821
821
821
821
822
822
822
822
823
824
824
824
824
824
824
825
826
826
826
826
826
827
827
827
827
827
827
828
829
-1
830
-1
-1
-1
-1
-1
-1
-1
-1
-1
832
832
-1
832
832
832
832
832
-1
832
832
832
832
-1
-1
-1
832
-1
832
-1
-1
832
832
832
832
833
833
833
833
833
833
833
-1
-1
-1
-1
-1
-1
834
-1
-1
-1
-1
834
834
-1
834
-1
-1
834
834
834
-1
-1
-1
-1
836
-1
-1
837
837
837
837
-1
-1
-1
-1
-1
-1
839
840
840
840
840
840
840
840
840
840
840
840
840
841
841
841
841
841
841
841
841
841
841
841
841
841
841
841
841
841
841
841
841
841
841
841
842
843
844
844
844
844
845
845
846
847
847
848
849
849
850
850
850
850
850
850
850
850
850
850
-1
-1
-1
-1
850
850
-1
-1
-1
850
-1
-1
-1
-1
-1
-1
-1
-1
-1
-1
-1
-1
-1
-1
-1
-1
-1
-1
-1
-1
-1
-1
-1
-1
-1
-1
-1
-1
-1
-1
-1
-1
-1
-1
-1
-1
-1
-1
-1
-1
-1
-1
-1
-1
-1
-1
-1
-1
-1
-1
-1
-1
-1
-1
-1
-1
810
810
810
810
810
810
810
810
810
810
810
810
810
810
810
810
810
810
810
810
810
810
810
810
810
810
810
810
810
810
810
810
810
810
811
812
812
812
812
812
812
812
812
812
812
812
813
-1
814
814
814
814
814
814
814
-1
-1
814
814
814
814
-1
814
-1
814
-1
814
814
814
-1
814
814
814
814
814
814
814
814
814
814
814
814
814
814
814
814
814
814
814
-1
-1
-1
814
814
-1
814
-1
814
814
814
814
814
814
814
814
814
814
814
814
814
814
814
814
814
814
814
814
814
814
814
814
814
-1
814
815
815
815
815
815
815
816
817
818
819
820
821
822
822
822
822
822
823
824
824
825
826
826
826
826
827
828
828
828
828
828
828
828
828
828
828
828
828
828
828
829
830
830
830
831
831
831
832
832
832
832
832
832
832
833
833
833
833
833
-1
835
835
835
835
836
836
837
837
837
837
-1
-1
839
840
840
840
840
841
842
843
844
845
845
846
847
848
849
849
849
849
849
840
851
852
852
852
852
852
852
852
852
852
852
852
852
852
852
852
853
853
854
855
855
855
856
857
859
861
861
863
865
869
871
871
872
873
873
873
873
873
873
873
873
-1
875
875
-1
-1
-1
883
883
883
883
888
892
892
892
892
895
898
898
901
901
901
902
903
903
903
903
903
903
903
903
903
903
905
909
911
911
914
919
923
927
931
932
932
933
935
938
943
948
952
957
962
962
963
967
972
976
976
976
976
976
979
984
984
989
993
993
993
993
994
994
999
1003
1005
1005
1009
1014
1018
1023
1024
1024
1024
1025
1028
1032
1037
1042
1045
1049
1054
1054
1055
1055
1057
1060
1065
1070
1074
1079
1084
1085
1085
1085
1085
1085
1085
-1
-1
-1
-1
-1
-1
-1
-1
-1
-1
-1
-1
-1
-1
-1
-1
-1
-1
-1
-1
-1
-1
-1
-1
-1
-1
-1
-1
-1
-1
-1
-1
-1
-1
-1
-1
-1
-1
-1
-1
-1
-1
-1
1086
1089
1089
1091
1095
1100
1103
1108
1108
1108
1112
1113
1115
1115
1116
1120
1122
1127
1132
1136
1142
1145
1146
1146
1146
1146
1146
1146
-1
-1
-1
-1
-1
-1
-1
-1
-1
-1
-1
-1
-1
-1
-1
-1
-1
-1
-1
-1
-1
-1
-1
-1
-1
-1
-1
-1
-1
-1
-1
-1
-1
-1
-1
-1
-1
-1
-1
-1
-1
-1
-1
-1
-1
-1
-1
-1
-1
-1
-1
-1
790
-1
790
790
790
790
790
790
790
790
790
790
790
790
790
790
790
790
790
790
790
790
790
790
790
790
790
790
790
790
790
790
790
790
790
790
790
790
790
790
790
790
790
790
790
790
790
790
790
790
790
790
790
790
790
790
790
790
790
790
790
790
790
-1
-1
-1
-1
790
790
790
790
791
792
792
792
792
792
-1
-1
-1
-1
-1
-1
795
795
795
796
796
796
-1
798
-1
-1
-1
800
800
-1
800
801
-1
802
-1
803
803
-1
-1
805
-1
-1
805
805
805
805
805
805
805
805
806
806
806
806
806
806
806
-1
-1
806
806
806
806
-1
806
806
806
806
806
806
806
806
806
806
806
806
806
806
806
806
807
-1
-1
-1
-1
-1
-1
-1
808
808
808
808
808
808
808
808
808
-1
-1
808
808
808
808
808
808
808
808
808
808
808
808
808
808
808
-1
808
-1
808
808
808
809
810
810
810
810
810
810
810
810
810
810
810
810
810
811
811
811
811
812
812
812
812
812
813
813
813
814
814
814
814
-1
815
815
815
816
817
817
817
818
818
819
819
819
819
819
819
819
819
819
819
819
819
819
819
819
820
821
821
821
821
821
821
821
821
821
821
822
822
822
822
822
822
822
822
823
823
823
823
-1
823
824
825
825
825
825
825
826
826
826
827
827
827
827
827
827
827
828
828
828
829
829
829
829
829
829
829
830
830
831
831
831
831
832
832
832
833
833
833
833
833
833
-1
-1
833
833
-1
-1
-1
835
836
836
-1
-1
837
-1
-1
837
-1
838
-1
-1
-1
-1
839
840
840
840
840
840
840
840
840
-1
-1
-1
-1
-1
-1
-1
-1
-1
-1
-1
-1
-1
-1
-1
-1
-1
-1
-1
-1
-1
-1
-1
-1
-1
-1
-1
-1
-1
-1
-1
-1
-1
-1
-1
-1
-1
-1
-1
-1
-1
-1
-1
-1
-1
-1
810
810
810
810
810
810
810
810
810
810
810
810
-1
-1
810
-1
810
-1
-1
-1
-1
-1
-1
810
810
810
810
810
811
812
812
812
812
812
812
813
813
813
814
814
814
815
815
815
815
816
816
817
817
818
818
818
818
819
820
821
821
822
822
822
822
822
822
822
822
822
822
822
822
822
822
822
822
823
823
824
824
824
824
824
824
825
825
825
826
826
826
826
826
826
826
-1
-1
-1
-1
-1
-1
-1
-1
-1
-1
-1
-1
-1
-1
-1
-1
-1
-1
-1
-1
-1
-1
-1
-1
-1
-1
-1
-1
-1
-1
-1
-1
-1
-1
-1
-1
-1
-1
-1
-1
-1
-1
-1
-1
-1
790
790
790
790
790
790
790
790
790
790
790
790
790
790
790
790
790
790
790
790
790
790
790
790
790
790
790
790
790
790
791
791
791
791
791
791
792
-1
-1
-1
-1
-1
-1
-1
-1
-1
-1
-1
-1
-1
-1
-1
-1
-1
-1
-1
-1
-1
-1
-1
-1
-1
-1
-1
-1
-1
-1
-1
-1
-1
-1
-1
-1
-1
-1
-1
-1
-1
-1
-1
-1
-1
-1
-1
-1
-1
-1
-1
-1
-1
-1
-1
-1
-1
-1
-1
-1
-1
-1
-1
-1
-1
-1
-1
790
790
790
790
790
790
790
790
790
790
790
790
-1
-1
-1
-1
-1
790
790
790
790
790
790
790
790
790
790
790
790
790
790
790
790
790
790
790
790
790
790
790
790
790
790
790
790
790
790
790
790
790
790
790
790
790
790
790
790
790
-1
-1
-1
794
794
794
794
794
794
-1
-1
-1
-1
-1
-1
-1
-1
-1
-1
-1
-1
-1
-1
-1
-1
-1
-1
-1
-1
-1
-1
-1
-1
-1
-1
-1
-1
-1
-1
-1
-1
-1
-1
-1
-1
-1
-1
-1
-1
-1
-1
-1
-1
-1
-1
-1
-1
-1
-1
-1
-1
-1
-1
-1
-1
-1
-1
-1
-1
-1
-1
-1
-1
-1
-1
-1
-1
-1
-1
-1
790
790
790
791
791
791
792
-1
793
-1
793
793
793
-1
-1
-1
-1
-1
-1
-1
-1
-1
-1
-1
-1
-1
-1
-1
-1
-1
-1
-1
-1
-1
-1
-1
-1
-1
-1
-1
-1
-1
-1
-1
-1
-1
-1
-1
-1
-1
-1
-1
-1
-1
-1
-1
790
790
791
792
-1
794
794
794
794
-1
-1
-1
-1
-1
-1
-1
-1
-1
-1
-1
-1
-1
-1
-1
-1
-1
-1
-1
-1
-1
-1
-1
-1
-1
-1
-1
-1
-1
-1
-1
-1
-1
-1
-1
-1
-1
-1
-1
-1
-1
-1
-1
-1
790
790
791
792
793
-1
794
-1
-1
794
794
794
-1
-1
-1
-1
-1
-1
-1
-1
-1
-1
-1
-1
-1
-1
-1
-1
-1
-1
-1
-1
-1
-1
-1
-1
-1
-1
-1
-1
-1
-1
-1
-1
-1
-1
-1
-1
-1
-1
-1
-1
-1
-1
-1
-1
-1
-1
-1
-1
794
794
794
794
794
-1
-1
-1
-1
-1
-1
-1
-1
-1
-1
-1
-1
-1
-1
-1
-1
-1
-1
-1
-1
-1
-1
-1
-1
-1
-1
-1
-1
-1
-1
-1
-1
-1
-1
-1
-1
-1
-1
-1
-1
-1
-1
-1
790
790
790
-1
792
-1
-1
-1
-1
793
-1
-1
-1
-1
-1
-1
-1
-1
-1
-1
-1
-1
-1
-1
-1
-1
-1
-1
-1
-1
-1
-1
-1
-1
-1
-1
-1
-1
-1
-1
-1
-1
-1
-1
-1
-1
-1
-1
-1
-1
-1
-1
-1
-1
-1
-1
793
-1
-1
-1
-1
-1
-1
-1
-1
-1
-1
-1
-1
-1
-1
-1
-1
-1
-1
-1
-1
-1
-1
-1
-1
-1
-1
-1
-1
-1
-1
-1
-1
-1
-1
-1
-1
-1
-1
-1
-1
-1
-1
-1
-1
-1
-1
-1
-1
-1
-1
-1
790
790
791
792
-1
-1
-1
-1
-1
-1
-1
-1
-1
-1
-1
-1
-1
-1
-1
-1
-1
-1
-1
-1
-1
-1
-1
-1
-1
-1
-1
-1
-1
-1
-1
-1
-1
-1
-1
-1
-1
-1
-1
-1
-1
-1
-1
-1
-1
-1
-1
-1
-1
-1
-1
-1
-1
-1
-1
-1
-1
-1
-1
-1
-1
-1
-1
-1
-1
-1
-1
-1
-1
-1
-1
-1
-1
-1
-1
-1
-1
-1
-1
-1
-1
-1
-1
-1
-1
-1
-1
-1
-1
-1
-1
-1
-1
-1
-1
-1
790
790
790
790
790
790
790
-1
792
-1
-1
-1
-1
-1
-1
-1
-1
-1
-1
-1
-1
-1
-1
-1
-1
-1
-1
-1
-1
-1
-1
-1
-1
-1
-1
-1
-1
-1
-1
-1
-1
-1
-1
-1
-1
-1
-1
-1
-1
-1
-1
-1
-1
-1
-1
-1
-1
-1
-1
-1
-1
790
790
790
790
790
790
790
790
790
790
790
790
790
790
790
790
790
790
790
790
790
790
791
792
793
794
794
794
794
794
-1
-1
-1
-1
-1
-1
-1
-1
-1
-1
-1
-1
-1
-1
-1
-1
-1
-1
-1
-1
-1
-1
-1
-1
-1
-1
-1
-1
-1
-1
-1
-1
-1
-1
-1
-1
-1
-1
-1
-1
-1
-1
-1
-1
-1
-1
-1
-1
-1
790
791
792
-1
794
794
794
794
794
-1
-1
-1
-1
-1
-1
-1
-1
-1
-1
-1
-1
-1
-1
-1
-1
-1
-1
-1
-1
-1
-1
-1
-1
-1
-1
-1
-1
-1
-1
-1
-1
-1
-1
-1
-1
-1
-1
-1
-1
-1
-1
-1
-1
-1
-1
-1
-1
790
790
790
790
790
790
790
791
792
-1
-1
-1
-1
-1
-1
-1
-1
-1
-1
-1
-1
-1
-1
-1
-1
-1
-1
-1
-1
-1
-1
-1
-1
-1
-1
-1
-1
-1
-1
-1
-1
-1
-1
-1
-1
-1
-1
-1
-1
-1
-1
-1
-1
-1
-1
-1
-1
-1
-1
790
790
791
792
-1
-1
-1
-1
-1
-1
-1
-1
-1
-1
-1
-1
-1
-1
-1
-1
-1
-1
-1
-1
-1
-1
-1
-1
-1
-1
-1
-1
-1
-1
-1
-1
-1
-1
-1
-1
-1
-1
-1
-1
-1
-1
-1
-1
-1
-1
-1
-1
790
790
791
792
793
794
-1
796
796
796
796
796
796
796
-1
-1
-1
-1
-1
-1
-1
-1
-1
-1
-1
-1
-1
-1
-1
-1
-1
-1
-1
-1
-1
-1
-1
-1
-1
-1
-1
-1
-1
-1
-1
-1
-1
-1
-1
-1
-1
-1
-1
-1
-1
-1
790
790
-1
792
-1
-1
-1
-1
-1
-1
-1
-1
-1
-1
-1
-1
-1
-1
-1
-1
-1
-1
-1
-1
-1
-1
-1
-1
-1
-1
-1
-1
-1
-1
-1
-1
-1
-1
-1
-1
-1
-1
-1
-1
-1
-1
-1
-1
-1
-1
-1
-1
-1
-1
790
790
790
791
792
-1
794
794
794
794
794
-1
-1
-1
-1
-1
-1
-1
-1
-1
-1
-1
-1
-1
-1
-1
-1
-1
-1
-1
-1
-1
-1
-1
-1
-1
-1
-1
-1
-1
-1
-1
-1
-1
-1
-1
-1
-1
-1
-1
-1
-1
-1
-1
-1
790
790
790
-1
792
-1
794
794
794
794
794
-1
-1
-1
-1
-1
-1
-1
-1
-1
-1
-1
-1
-1
-1
-1
-1
-1
-1
-1
-1
-1
-1
-1
-1
-1
-1
-1
-1
-1
-1
-1
-1
-1
-1
-1
-1
-1
-1
-1
-1
-1
-1
-1
790
790
790
-1
-1
-1
-1
-1
-1
-1
-1
-1
-1
-1
-1
-1
-1
-1
-1
-1
-1
-1
-1
-1
-1
-1
-1
-1
-1
-1
-1
-1
-1
-1
-1
-1
-1
-1
-1
-1
-1
-1
-1
-1
-1
-1
-1
-1
-1
-1
-1
-1
-1
790
790
-1
-1
-1
-1
-1
-1
-1
-1
-1
-1
-1
-1
-1
-1
-1
-1
-1
-1
-1
-1
-1
-1
-1
-1
-1
-1
-1
-1
-1
-1
-1
-1
-1
-1
-1
-1
-1
-1
-1
-1
-1
-1
-1
-1
-1
-1
-1
-1
-1
-1
790
790
791
-1
-1
-1
-1
-1
-1
-1
-1
-1
-1
-1
-1
-1
-1
-1
-1
-1
-1
-1
-1
-1
-1
-1
-1
-1
-1
-1
-1
-1
-1
-1
-1
-1
-1
-1
-1
-1
-1
-1
-1
-1
-1
-1
-1
-1
-1
-1
-1
-1
790
790
790
791
792
-1
-1
-1
-1
-1
-1
-1
-1
-1
-1
-1
-1
-1
-1
-1
-1
-1
-1
-1
-1
-1
-1
-1
-1
-1
-1
-1
-1
-1
-1
-1
-1
-1
-1
-1
-1
-1
-1
-1
-1
-1
-1
-1
-1
-1
-1
-1
790
790
791
792
-1
794
795
795
795
795
795
795
795
795
795
-1
-1
-1
-1
-1
-1
-1
-1
-1
-1
-1
-1
-1
-1
-1
-1
-1
-1
-1
-1
-1
-1
-1
-1
-1
-1
-1
-1
-1
-1
-1
-1
-1
-1
-1
-1
-1
-1
-1
-1
-1
-1
-1
-1
-1
-1
-1
-1
-1
790
790
790
790
790
790
791
792
-1
794
794
794
794
794
-1
-1
-1
-1
-1
-1
-1
-1
-1
-1
-1
-1
-1
-1
-1
-1
-1
-1
-1
-1
-1
-1
-1
-1
-1
-1
-1
-1
-1
-1
-1
-1
-1
-1
-1
-1
-1
-1
-1
-1
-1
-1
-1
790
790
790
791
-1
-1
794
-1
-1
-1
-1
-1
-1
-1
-1
-1
-1
-1
-1
-1
-1
-1
-1
-1
-1
-1
-1
-1
-1
-1
-1
-1
-1
-1
-1
-1
-1
-1
-1
-1
-1
-1
-1
-1
-1
-1
-1
-1
-1
-1
-1
-1
-1
-1
-1
-1
790
790
790
791
-1
-1
794
794
794
794
794
794
794
794
-1
-1
-1
-1
-1
-1
-1
-1
-1
-1
-1
-1
-1
-1
-1
-1
-1
-1
-1
-1
-1
-1
-1
-1
-1
-1
-1
-1
-1
-1
-1
-1
-1
-1
-1
-1
-1
-1
-1
-1
-1
-1
-1
790
790
790
790
790
790
790
790
791
792
-1
794
794
794
794
794
794
794
-1
-1
-1
-1
-1
-1
-1
-1
-1
-1
-1
-1
-1
-1
-1
-1
-1
-1
-1
-1
-1
-1
-1
-1
-1
-1
-1
-1
-1
-1
-1
-1
-1
-1
-1
-1
-1
-1
-1
-1
-1
-1
-1
-1
-1
790
-1
-1
-1
794
794
794
794
794
794
-1
-1
-1
-1
-1
-1
-1
-1
-1
-1
-1
-1
-1
-1
-1
-1
-1
-1
-1
-1
-1
-1
-1
-1
-1
-1
-1
-1
-1
-1
-1
-1
-1
-1
-1
-1
-1
-1
-1
-1
-1
-1
-1
-1
790
790
790
790
790
790
790
790
790
790
790
790
781
-1
-1
-1
-1
-1
-1
-1
-1
-1
-1
-1
-1
-1
-1
-1
-1
-1
-1
-1
-1
-1
-1
-1
-1
-1
-1
-1
-1
-1
-1
-1
-1
-1
-1
-1
-1
-1
-1
-1
-1
-1
-1
-1
-1
-1
-1
-1
-1
-1
-1
-1
790
790
791
792
-1
-1
-1
-1
-1
-1
-1
-1
-1
-1
-1
-1
-1
-1
-1
-1
-1
-1
-1
-1
-1
-1
-1
-1
-1
-1
-1
-1
-1
-1
-1
-1
-1
-1
-1
-1
-1
-1
-1
-1
-1
-1
-1
-1
-1
-1
-1
-1
-1
-1
-1
-1
-1
-1
-1
-1
-1
-1
-1
-1
-1
-1
-1
-1
790
790
790
790
790
790
790
790
790
790
790
790
790
790
790
790
790
790
790
790
790
-1
-1
793
793
793
793
793
-1
-1
-1
-1
-1
-1
-1
-1
-1
-1
-1
-1
-1
-1
-1
-1
-1
-1
-1
-1
-1
-1
-1
-1
-1
-1
-1
-1
-1
-1
-1
-1
-1
-1
-1
-1
-1
-1
-1
-1
-1
-1
-1
790
790
790
790
790
790
790
-1
792
-1
794
794
794
794
-1
-1
-1
-1
-1
-1
-1
-1
-1
-1
-1
-1
-1
-1
-1
-1
-1
-1
-1
-1
-1
-1
-1
-1
-1
-1
-1
-1
-1
-1
-1
-1
-1
-1
-1
-1
-1
-1
-1
-1
-1
-1
-1
790
790
790
790
790
791
792
-1
-1
-1
-1
-1
-1
-1
-1
-1
-1
-1
-1
-1
-1
-1
-1
-1
-1
-1
-1
-1
-1
-1
-1
-1
-1
-1
-1
-1
-1
-1
-1
-1
-1
-1
-1
-1
-1
-1
-1
-1
-1
-1
-1
-1
-1
-1
-1
-1
-1
-1
-1
-1
-1
-1
-1
-1
-1
-1
-1
-1
-1
-1
-1
-1
-1
-1
-1
-1
-1
794
-1
-1
-1
-1
795
795
795
795
-1
-1
-1
-1
-1
-1
-1
-1
-1
-1
-1
-1
-1
-1
-1
-1
795
795
795
796
796
796
796
796
796
796
796
796
796
796
796
796
796
796
796
796
796
796
796
796
796
796
796
796
796
-1
798
798
798
-1
-1
-1
-1
800
800
800
800
800
-1
800
800
800
800
800
800
800
800
800
800
800
-1
-1
803
-1
-1
-1
804
-1
-1
804
804
804
804
804
804
804
-1
805
805
805
-1
805
805
806
806
-1
-1
-1
-1
-1
806
806
806
806
806
806
806
806
806
806
806
806
806
806
806
806
806
806
806
806
806
806
806
806
807
807
-1
-1
808
808
-1
808
808
-1
808
808
808
808
808
-1
808
809
809
809
-1
810
810
-1
810
810
810
810
810
810
810
810
810
810
810
810
-1
810
810
810
810
810
810
810
810
810
810
810
810
810
810
810
-1
810
810
810
-1
-1
810
810
810
810
810
811
811
811
812
812
812
812
812
812
812
812
812
812
812
812
812
813
814
814
814
814
814
814
814
814
814
-1
-1
814
-1
814
814
814
814
-1
-1
815
815
815
815
815
815
815
815
816
817
817
817
817
817
817
817
818
818
818
818
818
818
818
818
818
818
819
819
820
820
820
820
820
820
-1
821
822
822
822
822
822
822
822
822
822
822
822
822
822
822
822
822
822
822
822
822
822
822
822
822
822
822
823
823
823
823
823
823
823
824
824
824
825
825
825
825
825
825
825
825
825
825
825
825
825
825
825
825
825
825
825
825
826
826
826
826
826
826
826
827
828
828
828
828
828
828
829
829
829
829
829
829
829
829
829
829
829
830
831
831
-1
831
831
831
-1
-1
832
-1
-1
-1
833
-1
-1
833
-1
833
833
-1
835
835
835
835
835
835
-1
-1
-1
-1
-1
-1
-1
-1
-1
836
-1
836
836
836
836
-1
-1
837
837
837
837
837
-1
838
838
838
838
839
-1
839
839
839
839
839
839
840
840
840
840
840
840
840
840
840
840
840
840
840
840
840
840
840
840
840
840
840
840
840
841
841
841
841
841
841
841
842
843
844
844
844
844
844
844
844
845
845
845
846
846
847
847
847
847
847
847
847
847
847
847
847
847
847
847
847
847
847
847
847
847
847
847
847
847
847
847
848
848
848
848
848
848
848
849
-1
-1
-1
-1
-1
-1
-1
-1
851
852
852
852
852
853
854
854
854
854
854
854
854
854
854
854
854
854
855
855
855
855
855
855
855
855
855
855
855
855
855
855
856
856
856
856
856
856
857
858
859
859
859
859
859
859
859
859
859
860
860
860
860
860
860
860
860
860
860
860
860
860
860
860
860
861
861
861
861
861
862
862
862
862
862
863
863
863
863
863
863
863
863
863
863
863
863
863
863
863
863
863
864
865
866
866
866
866
866
866
866
866
866
866
866
866
866
-1
-1
-1
-1
-1
-1
-1
-1
-1
-1
-1
-1
-1
-1
-1
-1
-1
-1
-1
-1
-1
-1
-1
-1
-1
-1
-1
-1
-1
-1
-1
-1
-1
-1
-1
-1
-1
-1
-1
-1
-1
-1
-1
-1
-1
-1
-1
866
866
866
866
866
866
866
866
866
866
866
866
866
867
868
869
870
871
872
872
872
872
872
872
872
-1
-1
-1
-1
-1
-1
-1
872
873
874
875
876
876
876
876
876
-1
-1
-1
877
-1
-1
-1
878
878
878
-1
-1
-1
-1
-1
-1
879
879
879
879
879
880
880
881
881
881
882
883
883
883
883
883
884
884
884
885
886
886
886
886
886
886
886
887
887
887
888
889
889
889
889
889
889
889
889
889
889
889
889
889
889
889
889
889
889
889
-1
-1
-1
-1
892
893
894
895
895
895
895
895
895
896
-1
898
899
900
900
900
900
900
900
900
900
900
900
900
900
900
900
900
900
900
900
900
900
900
900
900
900
900
900
900
900
900
900
900
900
900
900
900
900
900
900
900
900
900
900
900
900
900
-1
-1
900
900
900
-1
-1
900
-1
900
900
900
900
900
900
900
900
900
-1
-1
-1
901
901
901
901
901
901
901
901
901
901
901
901
901
901
901
901
901
901
901
901
901
901
901
901
901
901
901
901
901
901
901
901
901
901
901
901
901
901
901
901
901
901
901
901
901
901
901
901
901
901
901
901
901
901
901
901
901
901
901
901
901
901
901
901
901
901
901
901
901
901
901
901
901
901
901
901
901
901
901
901
901
901
901
901
901
901
901
901
901
901
901
901
901
901
901
901
901
901
901
901
901
901
901
901
901
901
901
901
901
901
901
901
901
901
901
901
901
901
901
901
901
901
901
901
901
901
901
901
901
901
901
901
901
901
901
901
901
901
901
901
901
901
901
901
901
901
901
901
901
901
901
901
901
901
901
901
901
901
901
901
901
901
901
901
901
901
901
901
901
901
901
901
901
901
901
901
901
901
901
901
901
901
901
901
901
901
901
901
901
901
901
901
901
901
901
901
901
901
901
901
901
901
901
901
901
901
901
901
901
901
901
901
901
901
901
901
901
901
901
901
901
901
901
901
901
901
901
901
901
901
901
901
901
901
901
901
901
901
901
901
901
901
901
901
901
901
901
901
901
901
901
901
901
901
901
901
901
901
901
901
901
901
901
901
901
901
901
901
901
901
901
901
901
901
901
901
901
901
901
901
901
901
901
901
901
901
901
901
901
901
901
901
901
901
901
901
901
901
901
901
901
901
901
901
901
901
901
901
901
-1
903
903
903
903
903
903
903
903
903
903
903
903
903
903
903
903
903
903
903
903
903
903
903
903
903
903
903
903
903
903
903
903
903
903
903
903
903
903
904
904
904
905
906
907
908
908
908
908
908
908
908
908
908
908
908
908
908
908
908
908
908
909
909
909
909
909
909
909
909
910
910
910
910
910
910
910
910
910
910
910
910
910
910
910
910
910
911
912
912
912
912
912
912
912
912
912
912
912
912
912
912
912
912
912
913
914
915
916
917
917
917
917
917
917
917
917
917
917
917
917
917
917
917
917
917
917
917
917
917
917
917
917
918
919
920
921
921
921
921
922
923
924
925
926
927
928
928
928
928
928
928
929
929
929
929
929
930
931
931
931
931
932
932
932
932
932
932
933
934
934
934
934
934
935
936
937
938
939
940
940
940
940
940
940
940
940
940
940
940
941
941
941
941
941
941
-1
-1
-1
-1
-1
-1
-1
-1
-1
-1
-1
-1
-1
-1
-1
-1
-1
-1
-1
-1
-1
-1
-1
-1
-1
-1
-1
-1
-1
-1
-1
-1
-1
-1
-1
-1
-1
-1
-1
-1
-1
-1
-1
-1
-1
-1
-1
-1
-1
-1
940
940
940
940
940
940
940
940
940
940
940
940
940
941
941
941
941
941
941
941
-1
-1
-1
-1
-1
-1
-1
-1
-1
-1
-1
-1
-1
-1
-1
-1
-1
-1
-1
-1
-1
-1
-1
-1
-1
-1
-1
-1
-1
-1
-1
-1
-1
-1
-1
-1
-1
-1
-1
-1
-1
-1
940
940
940
941
941
941
941
941
-1
-1
-1
-1
-1
-1
-1
-1
-1
-1
-1
-1
-1
-1
-1
-1
-1
-1
-1
-1
-1
-1
-1
-1
-1
-1
-1
-1
-1
-1
-1
-1
-1
-1
-1
-1
-1
-1
-1
-1
-1
-1
940
940
940
940
940
940
940
940
940
940
940
940
940
940
940
940
940
940
940
940
940
940
940
940
940
940
940
940
940
940
940
940
940
940
940
940
940
940
940
940
940
940
940
940
940
940
941
941
941
941
941
-1
-1
-1
-1
-1
-1
-1
-1
-1
-1
-1
-1
-1
-1
-1
-1
-1
-1
-1
-1
-1
-1
-1
-1
-1
-1
-1
-1
-1
-1
-1
-1
-1
-1
-1
-1
-1
-1
-1
-1
-1
-1
-1
-1
-1
-1
-1
940
940
940
941
941
941
941
941
-1
-1
-1
-1
-1
-1
-1
-1
-1
-1
-1
-1
-1
-1
-1
-1
-1
-1
-1
-1
-1
-1
-1
-1
-1
-1
-1
-1
-1
-1
-1
-1
-1
-1
-1
-1
-1
-1
-1
-1
-1
-1
940
940
940
940
941
941
941
941
941
-1
-1
-1
-1
-1
-1
-1
-1
-1
-1
-1
-1
-1
-1
-1
-1
-1
-1
-1
-1
-1
-1
-1
-1
-1
-1
-1
-1
-1
-1
-1
-1
-1
-1
-1
-1
-1
-1
-1
-1
-1
-1
-1
-1
-1
940
940
941
941
941
941
941
-1
-1
-1
-1
-1
-1
-1
-1
-1
-1
-1
-1
-1
-1
-1
-1
-1
-1
-1
-1
-1
-1
-1
-1
-1
-1
-1
-1
-1
-1
-1
-1
-1
-1
-1
-1
-1
-1
-1
-1
-1
-1
-1
-1
940
940
941
941
941
941
941
941
941
941
941
941
941
941
941
941
941
941
941
941
941
941
941
941
941
941
941
941
941
941
941
941
941
941
941
941
941
941
941
941
941
941
941
941
941
941
941
941
941
-1
941
941
941
941
941
941
941
941
941
941
941
941
941
941
941
941
941
941
941
941
941
941
941
941
941
941
941
941
941
941
-1
941
941
941
941
941
941
941
941
941
941
941
941
941
941
941
941
941
941
941
941
941
941
941
941
941
941
941
941
941
941
941
941
941
941
941
941
941
941
941
941
941
941
941
941
941
941
941
941
941
941
941
941
941
941
941
941
941
941
941
941
942
942
942
942
942
-1
942
-1
942
942
942
942
942
942
942
942
942
942
942
942
942
942
942
942
942
942
942
942
942
942
942
942
942
942
942
942
942
942
942
942
942
942
942
942
942
942
942
942
942
942
942
942
942
942
942
942
942
942
942
942
942
942
942
942
942
942
942
942
942
942
942
942
942
942
942
942
942
942
942
942
942
942
942
932
932
932
942
942
942
942
942
942
942
942
942
942
942
942
932
942
932
932
942
942
942
942
942
942
-1
942
942
942
942
942
942
942
942
942
942
942
942
942
942
942
942
942
942
942
942
942
942
942
942
942
942
942
942
942
942
942
942
942
942
942
942
942
942
942
942
942
942
942
942
942
942
942
942
942
942
942
942
942
942
942
942
942
942
942
942
932
942
942
942
942
942
942
942
942
942
942
942
942
942
942
942
942
942
942
942
942
943
944
944
944
944
944
944
944
944
944
944
944
944
944
944
944
944
944
944
944
944
944
944
944
944
944
944
944
944
944
944
944
944
944
944
944
944
944
944
944
944
944
944
944
944
944
944
944
944
944
944
944
944
944
944
944
944
944
944
944
944
944
944
944
944
944
944
944
944
944
944
944
944
944
944
944
944
944
944
944
944
944
944
944
944
944
944
944
944
944
944
944
944
944
944
944
944
944
944
944
944
944
944
944
944
944
944
944
944
944
944
944
944
944
944
944
944
944
944
944
944
944
944
944
944
944
944
944
944
944
944
944
944
944
944
944
944
945
946
947
948
948
948
948
948
948
948
948
948
948
948
948
948
948
948
948
948
948
948
948
948
948
948
948
948
948
948
948
948
948
948
948
948
948
948
948
948
948
948
948
948
948
948
948
948
948
948
948
948
948
948
948
948
948
948
948
948
948
948
948
948
948
948
948
948
948
948
948
948
948
948
948
948
948
948
948
948
948
948
948
948
948
948
948
948
948
948
948
948
948
948
948
948
948
948
948
948
948
948
948
948
948
948
948
948
948
948
948
948
948
948
948
948
948
948
948
948
948
948
948
948
948
948
948
948
948
948
948
948
948
948
948
948
948
948
948
948
948
948
948
948
948
949
949
949
949
950
951
952
953
954
955
955
955
956
957
957
957
957
957
957
958
958
958
959
959
959
959
959
959
959
959
959
960
960
960
960
960
960
961
961
961
961
961
961
961
961
961
961
961
961
961
961
961
961
961
962
962
962
962
962
962
962
962
962
962
962
962
962
962
962
962
963
963
963
963
963
963
963
963
964
-1
966
-1
968
968
968
-1
968
968
968
968
968
968
968
968
968
968
969
969
969
969
970
970
970
970
970
970
970
970
970
970
970
970
970
971
971
971
972
972
972
972
972
972
972
972
972
972
972
973
974
975
975
975
975
975
975
975
975
976
976
976
976
976
976
976
976
976
976
976
976
976
976
976
976
976
976
976
976
976
976
976
976
976
976
976
976
976
976
976
976
976
976
976
976
976
976
976
976
976
976
976
976
976
976
976
976
976
976
976
976
976
976
976
976
976
976
976
976
976
976
976
976
976
976
976
976
976
976
976
976
976
976
976
976
976
976
976
976
976
976
976
976
976
976
976
976
